Chromosome	Start	End	Sample
1	171465192	209643712	1184078
1	246923580	247033634	1249154
1	112153052	112154768	1249154
1	154783967	157783783	1249154
1	149927059	152381528	1249154
1	25266637	25320495	1249154
1	247431288	247528981	1249154
10	66689473	67002325	1249154
11	99533663	99904212	1249154
11	84453271	84538374	1249154
11	86135145	87871362	1249154
11	85930588	85992931	1249154
12	45000	11340927	1184078
13	94295133	94358610	1249154
14	44281549	44451076	1249154
16	68745093	75275001	1184078
16	72876416	73104025	1249154
17	46088437	46317048	1249154
18	69698690	69764142	1249154
2	52527342	52554404	1184078
2	60268739	60273349	1249154
20	1580141	1613247	1249154
3	68682877	68698262	1249154
3	130044855	130087393	1249154
4	85486758	85768120	1249154
4	114254167	114263073	1249154
5	15532	3986381	1184078
6	103286928	103314186	1249154
7	151847905	151864353	1249154
8	65942025	145072769	1184078
8	51305786	51325536	1249154
9	9070768	9613484	1249154
9	21652627	22690915	1249154
1	171465192	209643712	1184078
1	246923580	247033634	1249154
1	112153052	112154768	1249154
1	154783967	157783783	1249154
1	149927059	152381528	1249154
1	25266637	25320495	1249154
1	247431288	247528981	1249154
10	66689473	67002325	1249154
11	99533663	99904212	1249154
11	84453271	84538374	1249154
11	86135145	87871362	1249154
11	85930588	85992931	1249154
12	45000	11340927	1184078
13	94295133	94358610	1249154
14	44281549	44451076	1249154
16	68745093	75275001	1184078
16	72876416	73104025	1249154
17	46088437	46317048	1249154
18	69698690	69764142	1249154
2	52527342	52554404	1184078
2	60268739	60273349	1249154
20	1580141	1613247	1249154
3	68682877	68698262	1249154
3	130044855	130087393	1249154
4	85486758	85768120	1249154
4	114254167	114263073	1249154
5	15532	3986381	1184078
6	103286928	103314186	1249154
7	151847905	151864353	1249154
8	65942025	145072769	1184078
8	51305786	51325536	1249154
9	9070768	9613484	1249154
9	21652627	22690915	1249154
1	171465192	209643712	1184078
1	246923580	247033634	1249154
1	112153052	112154768	1249154
1	154783967	157783783	1249154
1	149927059	152381528	1249154
1	25266637	25320495	1249154
1	247431288	247528981	1249154
10	66689473	67002325	1249154
11	99533663	99904212	1249154
11	84453271	84538374	1249154
11	86135145	87871362	1249154
11	85930588	85992931	1249154
12	45000	11340927	1184078
13	94295133	94358610	1249154
14	44281549	44451076	1249154
16	68745093	75275001	1184078
16	72876416	73104025	1249154
17	46088437	46317048	1249154
18	69698690	69764142	1249154
2	52527342	52554404	1184078
2	60268739	60273349	1249154
20	1580141	1613247	1249154
3	68682877	68698262	1249154
3	130044855	130087393	1249154
4	85486758	85768120	1249154
4	114254167	114263073	1249154
5	15532	3986381	1184078
6	103286928	103314186	1249154
7	151847905	151864353	1249154
8	65942025	145072769	1184078
8	51305786	51325536	1249154
9	9070768	9613484	1249154
9	21652627	22690915	1249154
1	171465192	209643712	1184078
1	246923580	247033634	1249154
1	112153052	112154768	1249154
1	154783967	157783783	1249154
1	149927059	152381528	1249154
1	25266637	25320495	1249154
1	247431288	247528981	1249154
10	66689473	67002325	1249154
11	99533663	99904212	1249154
11	84453271	84538374	1249154
11	86135145	87871362	1249154
11	85930588	85992931	1249154
12	45000	11340927	1184078
13	94295133	94358610	1249154
14	44281549	44451076	1249154
16	68745093	75275001	1184078
16	72876416	73104025	1249154
17	46088437	46317048	1249154
18	69698690	69764142	1249154
2	52527342	52554404	1184078
2	60268739	60273349	1249154
20	1580141	1613247	1249154
3	68682877	68698262	1249154
3	130044855	130087393	1249154
4	85486758	85768120	1249154
4	114254167	114263073	1249154
5	15532	3986381	1184078
6	103286928	103314186	1249154
7	151847905	151864353	1249154
8	65942025	145072769	1184078
8	51305786	51325536	1249154
9	9070768	9613484	1249154
9	21652627	22690915	1249154
1	171465192	209643712	1184078
1	246923580	247033634	1249154
1	112153052	112154768	1249154
1	154783967	157783783	1249154
1	149927059	152381528	1249154
1	25266637	25320495	1249154
1	247431288	247528981	1249154
10	66689473	67002325	1249154
11	99533663	99904212	1249154
11	84453271	84538374	1249154
11	86135145	87871362	1249154
11	85930588	85992931	1249154
12	45000	11340927	1184078
13	94295133	94358610	1249154
14	44281549	44451076	1249154
16	68745093	75275001	1184078
16	72876416	73104025	1249154
17	46088437	46317048	1249154
18	69698690	69764142	1249154
2	52527342	52554404	1184078
2	60268739	60273349	1249154
20	1580141	1613247	1249154
3	68682877	68698262	1249154
3	130044855	130087393	1249154
4	85486758	85768120	1249154
4	114254167	114263073	1249154
5	15532	3986381	1184078
6	103286928	103314186	1249154
7	151847905	151864353	1249154
8	65942025	145072769	1184078
8	51305786	51325536	1249154
9	9070768	9613484	1249154
9	21652627	22690915	1249154
