	xbin	low	true	high	geneGroup	NumMutsInBin	NumPatientsInBin
0	1-3	-0.0971644872677219	-0.0611615767045454	-0.026108098068350644	Chaperonins	1408	1408
1	1-3	-0.14325487465181064	-0.1119076704545456	-0.07942147552958363	Proteasome	1408	1408
2	1-3	-0.06560055286800284	-0.02675887784090913	0.0066559177888022725	HSP90	1408	1408
3	1-3	-0.2117989169675089	-0.2088316761363637	-0.20537572254335282	All	1408	1408
4	3-10	-0.011131182147165266	0.02240222623345365	0.05611437308868498	Chaperonins	1662	1662
5	3-10	-0.024243975903614448	0.007930806257521105	0.039334556574923574	Proteasome	1662	1662
6	3-10	-0.025896613190730826	0.009057761732851987	0.03459786476868341	HSP90	1662	1662
7	3-10	-0.2142258745476479	-0.21173194945848373	-0.2092313432835821	All	1662	1662
8	10-30	0.1373592887798899	0.17172329812206563	0.20615366705471497	Chaperonins	1704	1704
9	10-30	0.12823406789755845	0.16337441314553994	0.20055643788995997	Proteasome	1704	1704
10	10-30	0.05479700352526442	0.09459507042253525	0.12187254318046462	HSP90	1704	1704
11	10-30	-0.2262988130563795	-0.2228908450704225	-0.21994159713945133	All	1704	1704
12	30-100	0.2922398477157362	0.3320716034271724	0.37362311557788996	Chaperonins	817	817
13	30-100	0.19724349881796666	0.26355079559363526	0.31429271356783917	Proteasome	817	817
14	30-100	0.21541807228915638	0.263530599755202	0.3074728877679696	HSP90	817	817
15	30-100	-0.22404951100244483	-0.21985250917992646	-0.21581686746987944	All	817	817
16	100-300	-0.0022894736842105643	0.11764285714285708	0.2863277777777778	Chaperonins	91	91
17	100-300	-0.13843037974683545	0.00964835164835161	0.1446666666666666	Proteasome	91	91
18	100-300	0.0416851851851852	0.1949505494505493	0.38128571428571434	HSP90	91	91
19	100-300	-0.25082941176470586	-0.23867582417582434	-0.22677840909090907	All	91	91
20	300-1000	-0.418	-0.0975	0.207	Chaperonins	4	4
21	300-1000	-0.196	0.021250000000000005	0.265	Proteasome	4	4
22	300-1000	-0.9570000000000001	-0.38275000000000003	0.06025	HSP90	4	4
23	300-1000	-0.302	-0.23375	-0.14800000000000002	All	4	4
