	xbin	NumMutsInBin	NumPatientsInBin	low	true	high	Bin	Group
0	1-3	155.0	82.0	0.4661402417149133	0.6669979303996588	0.9544042743889855	1	All
1	10-30	32763.0	1718.0	1.0318759038570193	1.0589114993738216	1.086655439200454	10	All
2	100-300	395287.0	2449.0	1.0114078564126971	1.0191448037257012	1.02694093621642	100	All
3	1000-3000	582717.0	378.0	1.0159617239190668	1.0221065815734114	1.0282886052692544	1000	All
4	10000-30000	457592.0	34.0	1.0480337181114632	1.0557067588366007	1.0634359767180186	10000	All
5	3-10	2796.0	425.0	0.9119472882927632	0.9954292717114365	1.0865534090626716	3	All
6	30-100	224189.0	3956.0	1.0444202101346582	1.054917608761323	1.065520516049021	30	All
7	300-1000	594031.0	1170.0	1.003181861609422	1.0093799685173976	1.0156163701062413	300	All
8	3000-10000	390588.0	75.0	1.0371358952906704	1.0450229009475713	1.0529698841431097	3000	All
9	nan			0.9912850317124425	1.0100312474516604	1.029131973340128	nan	All
0	1-3	155.0	82.0	0.4661402417149133	0.6669979303996588	0.9544042743889855	3	All
1	10-30	32763.0	1718.0	1.0318759038570193	1.0589114993738216	1.086655439200454	30	All
2	100-300	395287.0	2449.0	1.0114078564126971	1.0191448037257012	1.02694093621642	300	All
3	1000-3000	582717.0	378.0	1.0159617239190668	1.0221065815734114	1.0282886052692544	3000	All
4	10000-30000	457592.0	34.0	1.0480337181114632	1.0557067588366007	1.0634359767180186	30000	All
5	3-10	2796.0	425.0	0.9119472882927632	0.9954292717114365	1.0865534090626716	10	All
6	30-100	224189.0	3956.0	1.0444202101346582	1.054917608761323	1.065520516049021	100	All
7	300-1000	594031.0	1170.0	1.003181861609422	1.0093799685173976	1.0156163701062413	1000	All
8	3000-10000	390588.0	75.0	1.0371358952906704	1.0450229009475713	1.0529698841431097	10000	All
9	nan			0.9912850317124425	1.0100312474516604	1.029131973340128		All
0	1-3	0.0	0.0				1	TranslationRegulation
1	10-30	144.0	140.0	0.8985545968921593	1.361835873593772	2.0639780298508588	10	TranslationRegulation
2	100-300	1797.0	1173.0	0.9864122467305049	1.1075079235167176	1.2434697609623462	100	TranslationRegulation
3	1000-3000	2611.0	373.0	0.9850960819799115	1.0798165825679606	1.1836447970082649	1000	TranslationRegulation
4	10000-30000	2279.0	34.0	1.098718908855763	1.2221528030119546	1.3594536890836937	10000	TranslationRegulation
5	3-10	15.0	15.0	0.08810132830321248	0.3092670768872364	1.0856377161215653	3	TranslationRegulation
6	30-100	1022.0	866.0	0.9629867455014219	1.1187249627097444	1.2996498114189994	30	TranslationRegulation
7	300-1000	2548.0	958.0	0.9538557051488883	1.0489158760798396	1.1534496351527326	300	TranslationRegulation
8	3000-10000	1725.0	75.0	1.0756342473901086	1.2101818131139164	1.3615594932433663	3000	TranslationRegulation
9	nan			1.187235369264327	1.6008797020333165	2.1586417375438662	nan	TranslationRegulation
0	1-3	0.0	0.0				3	TranslationRegulation
1	10-30	144.0	140.0	0.8985545968921593	1.361835873593772	2.0639780298508588	30	TranslationRegulation
2	100-300	1797.0	1173.0	0.9864122467305049	1.1075079235167176	1.2434697609623462	300	TranslationRegulation
3	1000-3000	2611.0	373.0	0.9850960819799115	1.0798165825679606	1.1836447970082649	3000	TranslationRegulation
4	10000-30000	2279.0	34.0	1.098718908855763	1.2221528030119546	1.3594536890836937	30000	TranslationRegulation
5	3-10	15.0	15.0	0.08810132830321248	0.3092670768872364	1.0856377161215653	10	TranslationRegulation
6	30-100	1022.0	866.0	0.9629867455014219	1.1187249627097444	1.2996498114189994	100	TranslationRegulation
7	300-1000	2548.0	958.0	0.9538557051488883	1.0489158760798396	1.1534496351527326	1000	TranslationRegulation
8	3000-10000	1725.0	75.0	1.0756342473901086	1.2101818131139164	1.3615594932433663	10000	TranslationRegulation
9	nan			1.187235369264327	1.6008797020333165	2.1586417375438662		TranslationRegulation
0	1-3	15.0	13.0	0.09428703563583693	0.296883528132616	0.9348032704823874	1	TranscriptionRegulation
1	10-30	2005.0	1143.0	0.9973258361574372	1.1073078146641304	1.2294182622806296	10	TranscriptionRegulation
2	100-300	22584.0	2442.0	0.9816768249481725	1.0131392902056617	1.0456101185974556	100	TranscriptionRegulation
3	1000-3000	34018.0	378.0	0.9920395499069846	1.0169103940741593	1.0424047606499371	1000	TranscriptionRegulation
4	10000-30000	25357.0	34.0	0.9559277501938329	0.9850573331406748	1.0150745695764805	10000	TranscriptionRegulation
5	3-10	168.0	143.0	0.604588785824202	0.8521996464762078	1.2012201590278018	3	TranscriptionRegulation
6	30-100	12856.0	3689.0	0.9948823606620639	1.0367027813935281	1.0802811462391013	30	TranscriptionRegulation
7	300-1000	33876.0	1170.0	0.9775861294100542	1.0028889266808918	1.0288466345836094	300	TranscriptionRegulation
8	3000-10000	21296.0	75.0	0.9926455077135304	1.0248289451369155	1.058055830232542	3000	TranscriptionRegulation
9	nan			0.9453190820550955	1.0254306922746002	1.1123314070555084	nan	TranscriptionRegulation
0	1-3	15.0	13.0	0.09428703563583693	0.296883528132616	0.9348032704823874	3	TranscriptionRegulation
1	10-30	2005.0	1143.0	0.9973258361574372	1.1073078146641304	1.2294182622806296	30	TranscriptionRegulation
2	100-300	22584.0	2442.0	0.9816768249481725	1.0131392902056617	1.0456101185974556	300	TranscriptionRegulation
3	1000-3000	34018.0	378.0	0.9920395499069846	1.0169103940741593	1.0424047606499371	3000	TranscriptionRegulation
4	10000-30000	25357.0	34.0	0.9559277501938329	0.9850573331406748	1.0150745695764805	30000	TranscriptionRegulation
5	3-10	168.0	143.0	0.604588785824202	0.8521996464762078	1.2012201590278018	10	TranscriptionRegulation
6	30-100	12856.0	3689.0	0.9948823606620639	1.0367027813935281	1.0802811462391013	100	TranscriptionRegulation
7	300-1000	33876.0	1170.0	0.9775861294100542	1.0028889266808918	1.0288466345836094	1000	TranscriptionRegulation
8	3000-10000	21296.0	75.0	0.9926455077135304	1.0248289451369155	1.058055830232542	10000	TranscriptionRegulation
9	nan			0.9453190820550955	1.0254306922746002	1.1123314070555084		TranscriptionRegulation
0	1-3	138.0	79.0	0.41256271369078956	0.6011714078913944	0.8760051494546628	1	Interacting_Protein
1	10-30	28851.0	1718.0	1.0402398673324105	1.0693523428998633	1.099279569238058	10	Interacting_Protein
2	100-300	343521.0	2449.0	1.0138104871459785	1.0221191837800492	1.0304959744421776	100	Interacting_Protein
3	1000-3000	510783.0	378.0	1.0212052006834615	1.0278001662544758	1.0344377222577106	1000	Interacting_Protein
4	10000-30000	403016.0	34.0	1.0447202513849916	1.0528534574805295	1.0610499810443608	10000	Interacting_Protein
5	3-10	2494.0	424.0	0.9160394115738345	1.0050081270781235	1.102617772479614	3	Interacting_Protein
6	30-100	195930.0	3956.0	1.04649592065934	1.057745044837726	1.0691150895015935	30	Interacting_Protein
7	300-1000	515506.0	1170.0	1.0093678171026483	1.016056300571903	1.0227891046647801	300	Interacting_Protein
8	3000-10000	341836.0	75.0	1.0452461520259733	1.0537469275274676	1.0623168381164116	3000	Interacting_Protein
9	nan			0.9978056431141223	1.0179897045836868	1.0385820583296264	nan	Interacting_Protein
0	1-3	138.0	79.0	0.41256271369078956	0.6011714078913944	0.8760051494546628	3	Interacting_Protein
1	10-30	28851.0	1718.0	1.0402398673324105	1.0693523428998633	1.099279569238058	30	Interacting_Protein
2	100-300	343521.0	2449.0	1.0138104871459785	1.0221191837800492	1.0304959744421776	300	Interacting_Protein
3	1000-3000	510783.0	378.0	1.0212052006834615	1.0278001662544758	1.0344377222577106	3000	Interacting_Protein
4	10000-30000	403016.0	34.0	1.0447202513849916	1.0528534574805295	1.0610499810443608	30000	Interacting_Protein
5	3-10	2494.0	424.0	0.9160394115738345	1.0050081270781235	1.102617772479614	10	Interacting_Protein
6	30-100	195930.0	3956.0	1.04649592065934	1.057745044837726	1.0691150895015935	100	Interacting_Protein
7	300-1000	515506.0	1170.0	1.0093678171026483	1.016056300571903	1.0227891046647801	1000	Interacting_Protein
8	3000-10000	341836.0	75.0	1.0452461520259733	1.0537469275274676	1.0623168381164116	10000	Interacting_Protein
9	nan			0.9978056431141223	1.0179897045836868	1.0385820583296264		Interacting_Protein
0	1-3	4.0	4.0				1	Chr_Segregation
1	10-30	481.0	415.0	0.8783398458276813	1.0943737855062756	1.363542811011559	10	Chr_Segregation
2	100-300	5640.0	2083.0	1.0952155955836005	1.1701984661479763	1.2503149660185324	100	Chr_Segregation
3	1000-3000	8247.0	378.0	1.1032688351646271	1.1620000325989288	1.2238577151129548	1000	Chr_Segregation
4	10000-30000	7621.0	34.0	1.1050927094042293	1.1715508492620255	1.2420056532148547	10000	Chr_Segregation
5	3-10	41.0	35.0	0.3625982685207883	0.7604207444529995	1.59471172036582	3	Chr_Segregation
6	30-100	3287.0	2111.0	1.139864577313092	1.2434325411447744	1.3564106782073198	30	Chr_Segregation
7	300-1000	8509.0	1152.0	1.0595691748599165	1.1169128381774633	1.1773599286243535	300	Chr_Segregation
8	3000-10000	6133.0	75.0	1.1285370299922903	1.201504225781203	1.2791892212699036	3000	Chr_Segregation
9	nan			0.9947003765605001	1.163438754057947	1.3608014698098179	nan	Chr_Segregation
0	1-3	4.0	4.0				3	Chr_Segregation
1	10-30	481.0	415.0	0.8783398458276813	1.0943737855062756	1.363542811011559	30	Chr_Segregation
2	100-300	5640.0	2083.0	1.0952155955836005	1.1701984661479763	1.2503149660185324	300	Chr_Segregation
3	1000-3000	8247.0	378.0	1.1032688351646271	1.1620000325989288	1.2238577151129548	3000	Chr_Segregation
4	10000-30000	7621.0	34.0	1.1050927094042293	1.1715508492620255	1.2420056532148547	30000	Chr_Segregation
5	3-10	41.0	35.0	0.3625982685207883	0.7604207444529995	1.59471172036582	10	Chr_Segregation
6	30-100	3287.0	2111.0	1.139864577313092	1.2434325411447744	1.3564106782073198	100	Chr_Segregation
7	300-1000	8509.0	1152.0	1.0595691748599165	1.1169128381774633	1.1773599286243535	1000	Chr_Segregation
8	3000-10000	6133.0	75.0	1.1285370299922903	1.201504225781203	1.2791892212699036	10000	Chr_Segregation
9	nan			0.9947003765605001	1.163438754057947	1.3608014698098179		Chr_Segregation
0	1-3	17.0	16.0	0.2822174350645433	0.9753544099495934	3.3708626995017266	1	Passengers_Essential
1	10-30	2733.0	1322.0	0.9235772614027582	1.0105190227431895	1.1056451235870597	10	Passengers_Essential
2	100-300	30136.0	2448.0	1.0183595005812125	1.0469236198321579	1.0762889383728595	100	Passengers_Essential
3	1000-3000	45139.0	378.0	1.0502500105925099	1.0732957958558997	1.0968472780610172	1000	Passengers_Essential
4	10000-30000	39256.0	34.0	1.1210593734654573	1.1496700257018149	1.1790108528430567	10000	Passengers_Essential
5	3-10	264.0	195.0	0.7014385130388572	0.9351733130482965	1.2467937091861399	3	Passengers_Essential
6	30-100	17623.0	3841.0	1.0397706248712932	1.0778400886478727	1.1173034022193682	30	Passengers_Essential
7	300-1000	45325.0	1170.0	1.040468091233564	1.063933384920863	1.0879278827351029	300	Passengers_Essential
8	3000-10000	30767.0	75.0	1.1114186190835067	1.1422790470365365	1.1739963672505846	3000	Passengers_Essential
9	nan			1.153347500724556	1.2389696893263047	1.330948296246338	nan	Passengers_Essential
0	1-3	17.0	16.0	0.2822174350645433	0.9753544099495934	3.3708626995017266	3	Passengers_Essential
1	10-30	2733.0	1322.0	0.9235772614027582	1.0105190227431895	1.1056451235870597	30	Passengers_Essential
2	100-300	30136.0	2448.0	1.0183595005812125	1.0469236198321579	1.0762889383728595	300	Passengers_Essential
3	1000-3000	45139.0	378.0	1.0502500105925099	1.0732957958558997	1.0968472780610172	3000	Passengers_Essential
4	10000-30000	39256.0	34.0	1.1210593734654573	1.1496700257018149	1.1790108528430567	30000	Passengers_Essential
5	3-10	264.0	195.0	0.7014385130388572	0.9351733130482965	1.2467937091861399	10	Passengers_Essential
6	30-100	17623.0	3841.0	1.0397706248712932	1.0778400886478727	1.1173034022193682	100	Passengers_Essential
7	300-1000	45325.0	1170.0	1.040468091233564	1.063933384920863	1.0879278827351029	1000	Passengers_Essential
8	3000-10000	30767.0	75.0	1.1114186190835067	1.1422790470365365	1.1739963672505846	10000	Passengers_Essential
9	nan			1.153347500724556	1.2389696893263047	1.330948296246338		Passengers_Essential
0	1-3	27.0	23.0	0.1642839121249669	0.37842869571170434	0.8717121225426293	1	Passengers_Housekeeping
1	10-30	4675.0	1583.0	1.0041368744394066	1.075917355925221	1.1528290477604333	10	Passengers_Housekeeping
2	100-300	50981.0	2449.0	1.0700241421890553	1.0932532348714485	1.1169866065935121	100	Passengers_Housekeeping
3	1000-3000	76510.0	378.0	1.0666962412062406	1.0846596064577378	1.1029254781573627	1000	Passengers_Housekeeping
4	10000-30000	68478.0	34.0	1.1078469533403739	1.1290931470681618	1.1507467984746098	10000	Passengers_Housekeeping
5	3-10	430.0	267.0	0.7320461566693404	0.9135529706658685	1.1400633998402456	3	Passengers_Housekeeping
6	30-100	30526.0	3943.0	1.059362807947618	1.0887818149415893	1.1190178016954861	30	Passengers_Housekeeping
7	300-1000	76469.0	1170.0	1.0449818108878786	1.0630965330556643	1.0815252732817524	300	Passengers_Housekeeping
8	3000-10000	52751.0	75.0	1.1359767730409043	1.160113705195589	1.184763492461105	3000	Passengers_Housekeeping
9	nan			1.0878156098902654	1.149972062800875	1.2156800593768844	nan	Passengers_Housekeeping
0	1-3	27.0	23.0	0.1642839121249669	0.37842869571170434	0.8717121225426293	3	Passengers_Housekeeping
1	10-30	4675.0	1583.0	1.0041368744394066	1.075917355925221	1.1528290477604333	30	Passengers_Housekeeping
2	100-300	50981.0	2449.0	1.0700241421890553	1.0932532348714485	1.1169866065935121	300	Passengers_Housekeeping
3	1000-3000	76510.0	378.0	1.0666962412062406	1.0846596064577378	1.1029254781573627	3000	Passengers_Housekeeping
4	10000-30000	68478.0	34.0	1.1078469533403739	1.1290931470681618	1.1507467984746098	30000	Passengers_Housekeeping
5	3-10	430.0	267.0	0.7320461566693404	0.9135529706658685	1.1400633998402456	10	Passengers_Housekeeping
6	30-100	30526.0	3943.0	1.059362807947618	1.0887818149415893	1.1190178016954861	100	Passengers_Housekeeping
7	300-1000	76469.0	1170.0	1.0449818108878786	1.0630965330556643	1.0815252732817524	1000	Passengers_Housekeeping
8	3000-10000	52751.0	75.0	1.1359767730409043	1.160113705195589	1.184763492461105	10000	Passengers_Housekeeping
9	nan			1.0878156098902654	1.149972062800875	1.2156800593768844		Passengers_Housekeeping
0	1-3	131.0	79.0	0.4315832633468742	0.6356487890691217	0.9362026226681923	1	normalGTEX_top50Percent_exclDrivers
1	10-30	26939.0	1718.0	1.0379871936547904	1.0680898870681896	1.0990655894707944	10	normalGTEX_top50Percent_exclDrivers
2	100-300	317867.0	2449.0	1.013420164699485	1.022068509380344	1.0307906574729806	100	normalGTEX_top50Percent_exclDrivers
3	1000-3000	474317.0	378.0	1.0224470879607495	1.0293056209361913	1.0362101606684901	1000	normalGTEX_top50Percent_exclDrivers
4	10000-30000	379711.0	34.0	1.0462915272724582	1.054678776585621	1.0631332595035747	10000	normalGTEX_top50Percent_exclDrivers
5	3-10	2336.0	424.0	0.8997034740731427	0.9901229708344574	1.0896295564313376	3	normalGTEX_top50Percent_exclDrivers
6	30-100	181575.0	3956.0	1.0437857000633812	1.0554604890423427	1.0672658610496928	30	normalGTEX_top50Percent_exclDrivers
7	300-1000	475577.0	1170.0	1.0097394092615803	1.016707984211694	1.0237246518047112	300	normalGTEX_top50Percent_exclDrivers
8	3000-10000	317312.0	75.0	1.0489131293863223	1.0577813278606882	1.0667245038922777	3000	normalGTEX_top50Percent_exclDrivers
9	nan			0.9997643206686223	1.0209202436237164	1.0425238451634817	nan	normalGTEX_top50Percent_exclDrivers
0	1-3	131.0	79.0	0.4315832633468742	0.6356487890691217	0.9362026226681923	3	normalGTEX_top50Percent_exclDrivers
1	10-30	26939.0	1718.0	1.0379871936547904	1.0680898870681896	1.0990655894707944	30	normalGTEX_top50Percent_exclDrivers
2	100-300	317867.0	2449.0	1.013420164699485	1.022068509380344	1.0307906574729806	300	normalGTEX_top50Percent_exclDrivers
3	1000-3000	474317.0	378.0	1.0224470879607495	1.0293056209361913	1.0362101606684901	3000	normalGTEX_top50Percent_exclDrivers
4	10000-30000	379711.0	34.0	1.0462915272724582	1.054678776585621	1.0631332595035747	30000	normalGTEX_top50Percent_exclDrivers
5	3-10	2336.0	424.0	0.8997034740731427	0.9901229708344574	1.0896295564313376	10	normalGTEX_top50Percent_exclDrivers
6	30-100	181575.0	3956.0	1.0437857000633812	1.0554604890423427	1.0672658610496928	100	normalGTEX_top50Percent_exclDrivers
7	300-1000	475577.0	1170.0	1.0097394092615803	1.016707984211694	1.0237246518047112	1000	normalGTEX_top50Percent_exclDrivers
8	3000-10000	317312.0	75.0	1.0489131293863223	1.0577813278606882	1.0667245038922777	10000	normalGTEX_top50Percent_exclDrivers
9	nan			0.9997643206686223	1.0209202436237164	1.0425238451634817		normalGTEX_top50Percent_exclDrivers
