	xbin	NumMutsInBin	NumPatientsInBin	low	true	high	Bin	Group
0	1-3	168	83	0.44477620270119433	0.6574006845762888	0.9768849042588312	1	All
1	3-10	3122	425	0.9998465279274058	1.0878512033861536	1.1698822705917558	3	All
2	10-30	35300	1718	1.0186361320246091	1.0484643891982264	1.0775907466850632	10	All
3	30-100	236648	3956	0.9889891049643992	1.001268218483592	1.0144703311858312	30	All
4	100-300	412261	2449	0.9356974140336998	0.9464229190285816	0.957445345500822	100	All
5	300-1000	614770	1170	0.9332300587959389	0.9401287344404676	0.9464585818330438	300	All
6	1000-3000	601123	378	0.9405144540216615	0.9455131137339505	0.9517835569964368	1000	All
7	3000-10000	402167	75	0.8937233400575667	0.9033967231163298	0.9124285252367095	3000	All
8	10000-30000	471788	34	0.8542498304219127	0.8617978747142228	0.8701965788265317	10000	All
0	1-3	168	83	0.44477620270119433	0.6574006845762888	0.9768849042588312	3	All
1	3-10	3122	425	0.9998465279274058	1.0878512033861536	1.1698822705917558	10	All
2	10-30	35300	1718	1.0186361320246091	1.0484643891982264	1.0775907466850632	30	All
3	30-100	236648	3956	0.9889891049643992	1.001268218483592	1.0144703311858312	100	All
4	100-300	412261	2449	0.9356974140336998	0.9464229190285816	0.957445345500822	300	All
5	300-1000	614770	1170	0.9332300587959389	0.9401287344404676	0.9464585818330438	1000	All
6	1000-3000	601123	378	0.9405144540216615	0.9455131137339505	0.9517835569964368	3000	All
7	3000-10000	402167	75	0.8937233400575667	0.9033967231163298	0.9124285252367095	10000	All
8	10000-30000	471788	34	0.8542498304219127	0.8617978747142228	0.8701965788265317	30000	All
0	1-3	155	82	0.35685277138589483	0.5612402709305189	0.822982435435967	1	Passengers
1	3-10	2796	425	0.8776436979128762	0.9783446506753433	1.0717692735641542	3	Passengers
2	10-30	32763	1718	0.9631340999066619	0.9964448449602198	1.0338636702074548	10	Passengers
3	30-100	224189	3956	0.9606705505761896	0.9731605639417078	0.9876788971816958	30	Passengers
4	100-300	395287	2449	0.9242260554620104	0.9318487442164823	0.9406291425390847	100	Passengers
5	300-1000	594031	1170	0.9260144606482	0.9323555101330999	0.9410470054845557	300	Passengers
6	1000-3000	582717	378	0.9332937968394672	0.9412890825161826	0.9484111794134186	1000	Passengers
7	3000-10000	390588	75	0.8918670259399702	0.9015202950736537	0.9118607420385245	3000	Passengers
8	10000-30000	457593	34	0.8525332918481038	0.8597259530786425	0.8674208074004692	10000	Passengers
0	1-3	155	82	0.35685277138589483	0.5612402709305189	0.822982435435967	3	Passengers
1	3-10	2796	425	0.8776436979128762	0.9783446506753433	1.0717692735641542	10	Passengers
2	10-30	32763	1718	0.9631340999066619	0.9964448449602198	1.0338636702074548	30	Passengers
3	30-100	224189	3956	0.9606705505761896	0.9731605639417078	0.9876788971816958	100	Passengers
4	100-300	395287	2449	0.9242260554620104	0.9318487442164823	0.9406291425390847	300	Passengers
5	300-1000	594031	1170	0.9260144606482	0.9323555101330999	0.9410470054845557	1000	Passengers
6	1000-3000	582717	378	0.9332937968394672	0.9412890825161826	0.9484111794134186	3000	Passengers
7	3000-10000	390588	75	0.8918670259399702	0.9015202950736537	0.9118607420385245	10000	Passengers
8	10000-30000	457593	34	0.8525332918481038	0.8597259530786425	0.8674208074004692	30000	Passengers
0	1-3	17	17	0.8799238820171266	2.710462287104623	inf	1	Drivers_COSMIC
1	3-10	361	258	2.1346956945710467	2.9231076883010587	4.595249876298862	3	Drivers_COSMIC
2	10-30	3022	1406	1.925138058692039	2.1420470101624876	2.403926761594026	10	Drivers_COSMIC
3	30-100	15610	3806	1.5371796296331997	1.5918001369234194	1.652743920072647	30	Drivers_COSMIC
4	100-300	22803	2447	1.162982716922161	1.2038637079544048	1.2455059344481263	100	Drivers_COSMIC
5	300-1000	29989	1170	1.0369851428942796	1.0666692734934926	1.0908715515520822	300	Drivers_COSMIC
6	1000-3000	27960	378	0.9850015265473008	1.0110100066395729	1.0415792027368895	1000	Drivers_COSMIC
7	3000-10000	18165	75	0.8919445433405909	0.9273667971839873	0.9543792423362514	3000	Drivers_COSMIC
8	10000-30000	21723	34	0.8305904770274545	0.8609405454579255	0.8886751823346795	10000	Drivers_COSMIC
0	1-3	17	17	0.8799238820171266	2.710462287104623	inf	3	Drivers_COSMIC
1	3-10	361	258	2.1346956945710467	2.9231076883010587	4.595249876298862	10	Drivers_COSMIC
2	10-30	3022	1406	1.925138058692039	2.1420470101624876	2.403926761594026	30	Drivers_COSMIC
3	30-100	15610	3806	1.5371796296331997	1.5918001369234194	1.652743920072647	100	Drivers_COSMIC
4	100-300	22803	2447	1.162982716922161	1.2038637079544048	1.2455059344481263	300	Drivers_COSMIC
5	300-1000	29989	1170	1.0369851428942796	1.0666692734934926	1.0908715515520822	1000	Drivers_COSMIC
6	1000-3000	27960	378	0.9850015265473008	1.0110100066395729	1.0415792027368895	3000	Drivers_COSMIC
7	3000-10000	18165	75	0.8919445433405909	0.9273667971839873	0.9543792423362514	10000	Drivers_COSMIC
8	10000-30000	21723	34	0.8305904770274545	0.8609405454579255	0.8886751823346795	30000	Drivers_COSMIC
0	1-3	13	13	0.7125000000000001	2.7398615232443126	inf	1	Drivers_Bailey
1	3-10	326	244	3.386916457088966	4.917175282798798	7.420246569689466	3	Drivers_Bailey
2	10-30	2537	1285	2.4887987216007783	2.7945079124290535	3.1697162824250147	10	Drivers_Bailey
3	30-100	12459	3684	1.9013672286342964	1.9767355725056206	2.0496376393473126	30	Drivers_Bailey
4	100-300	16974	2439	1.4203544659555638	1.485042876041474	1.5483587663844478	100	Drivers_Bailey
5	300-1000	20739	1170	1.2267626873974378	1.2677772962344809	1.3102080914761698	300	Drivers_Bailey
6	1000-3000	18406	378	1.0783842117955262	1.113972307110511	1.1530337488469466	1000	Drivers_Bailey
7	3000-10000	11579	75	0.9554537404029301	1.0037137889453043	1.0629033095454345	3000	Drivers_Bailey
8	10000-30000	14195	34	0.9048094388356727	0.9440617839571352	0.9831853397404223	10000	Drivers_Bailey
0	1-3	13	13	0.7125000000000001	2.7398615232443126	inf	3	Drivers_Bailey
1	3-10	326	244	3.386916457088966	4.917175282798798	7.420246569689466	10	Drivers_Bailey
2	10-30	2537	1285	2.4887987216007783	2.7945079124290535	3.1697162824250147	30	Drivers_Bailey
3	30-100	12459	3684	1.9013672286342964	1.9767355725056206	2.0496376393473126	100	Drivers_Bailey
4	100-300	16974	2439	1.4203544659555638	1.485042876041474	1.5483587663844478	300	Drivers_Bailey
5	300-1000	20739	1170	1.2267626873974378	1.2677772962344809	1.3102080914761698	1000	Drivers_Bailey
6	1000-3000	18406	378	1.0783842117955262	1.113972307110511	1.1530337488469466	3000	Drivers_Bailey
7	3000-10000	11579	75	0.9554537404029301	1.0037137889453043	1.0629033095454345	10000	Drivers_Bailey
8	10000-30000	14195	34	0.9048094388356727	0.9440617839571352	0.9831853397404223	30000	Drivers_Bailey
0	1-3	19	19	0.4127007299270073	0.8803030303030303	3.3088235294117645	1	Drivers_Intogen
1	3-10	342	245	2.257078807611219	3.0168663797603443	4.924960402185744	3	Drivers_Intogen
2	10-30	2770	1340	2.1898109801833296	2.386495573003675	2.685312678638375	10	Drivers_Intogen
3	30-100	14874	3792	1.6326661715134074	1.7025517891982305	1.7572212778812981	30	Drivers_Intogen
4	100-300	21114	2443	1.2643050578327548	1.3212462873277309	1.3753880177150715	100	Drivers_Intogen
5	300-1000	27181	1170	1.1623007385116044	1.1890958222724648	1.221261690243862	300	Drivers_Intogen
6	1000-3000	25639	378	1.0478047543982172	1.0810873301155763	1.1158003053515202	1000	Drivers_Intogen
7	3000-10000	17132	75	0.9284366561888454	0.9564665042192475	0.9853089799400621	3000	Drivers_Intogen
8	10000-30000	20767	34	0.889635442452437	0.9244231226834104	0.9576190552774165	10000	Drivers_Intogen
0	1-3	19	19	0.4127007299270073	0.8803030303030303	3.3088235294117645	3	Drivers_Intogen
1	3-10	342	245	2.257078807611219	3.0168663797603443	4.924960402185744	10	Drivers_Intogen
2	10-30	2770	1340	2.1898109801833296	2.386495573003675	2.685312678638375	30	Drivers_Intogen
3	30-100	14874	3792	1.6326661715134074	1.7025517891982305	1.7572212778812981	100	Drivers_Intogen
4	100-300	21114	2443	1.2643050578327548	1.3212462873277309	1.3753880177150715	300	Drivers_Intogen
5	300-1000	27181	1170	1.1623007385116044	1.1890958222724648	1.221261690243862	1000	Drivers_Intogen
6	1000-3000	25639	378	1.0478047543982172	1.0810873301155763	1.1158003053515202	3000	Drivers_Intogen
7	3000-10000	17132	75	0.9284366561888454	0.9564665042192475	0.9853089799400621	10000	Drivers_Intogen
8	10000-30000	20767	34	0.889635442452437	0.9244231226834104	0.9576190552774165	30000	Drivers_Intogen
0	1-3	7	7	inf	inf	inf	1	Oncogene
1	3-10	178	168	9.794869902195977	23.808343659644773	inf	3	Oncogene
2	10-30	882	761	6.649203063422995	8.854699019397323	13.126822546230441	10	Oncogene
3	30-100	2556	1815	2.9639285398572617	3.3605477981348306	3.7254963244240487	30	Oncogene
4	100-300	2634	1530	1.8997149569428629	2.083270445558188	2.27730035631943	100	Oncogene
5	300-1000	2857	1016	1.5728702021727754	1.70818895446836	1.9117514022278297	300	Oncogene
6	1000-3000	2465	373	1.1536303669509937	1.241544669961034	1.34594549862673	1000	Oncogene
7	3000-10000	1429	75	0.9060934811091896	1.0005985176231074	1.1236752285759026	3000	Oncogene
8	10000-30000	1700	34	0.881390814395051	0.9575333806958454	1.0478625960867194	10000	Oncogene
0	1-3	7	7	inf	inf	inf	3	Oncogene
1	3-10	178	168	9.794869902195977	23.808343659644773	inf	10	Oncogene
2	10-30	882	761	6.649203063422995	8.854699019397323	13.126822546230441	30	Oncogene
3	30-100	2556	1815	2.9639285398572617	3.3605477981348306	3.7254963244240487	100	Oncogene
4	100-300	2634	1530	1.8997149569428629	2.083270445558188	2.27730035631943	300	Oncogene
5	300-1000	2857	1016	1.5728702021727754	1.70818895446836	1.9117514022278297	1000	Oncogene
6	1000-3000	2465	373	1.1536303669509937	1.241544669961034	1.34594549862673	3000	Oncogene
7	3000-10000	1429	75	0.9060934811091896	1.0005985176231074	1.1236752285759026	10000	Oncogene
8	10000-30000	1700	34	0.881390814395051	0.9575333806958454	1.0478625960867194	30000	Oncogene
0	1-3	1	1	inf	inf	inf	1	Tumor_Suppressor
1	3-10	38	37	0.7408256880733944	1.873171961674231	9.864166666666668	3	Tumor_Suppressor
2	10-30	483	401	2.5757877510022773	3.3733468184125583	4.796080658903721	10	Tumor_Suppressor
3	30-100	3416	2240	3.1663579767030985	3.5254107480370616	4.057479153833036	30	Tumor_Suppressor
4	100-300	4130	1974	2.08765776804521	2.288266001428848	2.5022827325503076	100	Tumor_Suppressor
5	300-1000	3906	1097	1.452520163755028	1.5822702717713604	1.698006845175087	300	Tumor_Suppressor
6	1000-3000	3009	377	1.1276431698709803	1.217643443086032	1.3325382065081637	1000	Tumor_Suppressor
7	3000-10000	2003	75	0.9390523410490973	1.0250302831264704	1.125097293565744	3000	Tumor_Suppressor
8	10000-30000	2443	34	0.8721421331021213	0.9521915055534684	1.0536615001429703	10000	Tumor_Suppressor
0	1-3	1	1	inf	inf	inf	3	Tumor_Suppressor
1	3-10	38	37	0.7408256880733944	1.873171961674231	9.864166666666668	10	Tumor_Suppressor
2	10-30	483	401	2.5757877510022773	3.3733468184125583	4.796080658903721	30	Tumor_Suppressor
3	30-100	3416	2240	3.1663579767030985	3.5254107480370616	4.057479153833036	100	Tumor_Suppressor
4	100-300	4130	1974	2.08765776804521	2.288266001428848	2.5022827325503076	300	Tumor_Suppressor
5	300-1000	3906	1097	1.452520163755028	1.5822702717713604	1.698006845175087	1000	Tumor_Suppressor
6	1000-3000	3009	377	1.1276431698709803	1.217643443086032	1.3325382065081637	3000	Tumor_Suppressor
7	3000-10000	2003	75	0.9390523410490973	1.0250302831264704	1.125097293565744	10000	Tumor_Suppressor
8	10000-30000	2443	34	0.8721421331021213	0.9521915055534684	1.0536615001429703	30000	Tumor_Suppressor
0	1-3	11	11	0.45171202809482003	1.4221177432542926	inf	1	SpecificDriverGenes
1	3-10	163	121	0.8899934134222999	1.5193864454687553	2.287204405148059	3	SpecificDriverGenes
2	10-30	2412	1206	1.3019885269291172	1.4662561043784539	1.6740187814362748	10	SpecificDriverGenes
3	30-100	15706	3791	1.2429098413131787	1.289568801506255	1.353159366519063	30	SpecificDriverGenes
4	100-300	27753	2448	1.0864896104779365	1.1126704942053802	1.1458818531121684	100	SpecificDriverGenes
5	300-1000	38911	1170	1.073314299200688	1.100950251914887	1.1299740741723627	300	SpecificDriverGenes
6	1000-3000	33855	378	1.0181494530040247	1.0397654386667696	1.0614447699804448	1000	SpecificDriverGenes
7	3000-10000	21533	75	0.9278020814165685	0.9500672876083972	0.9797884118727954	3000	SpecificDriverGenes
8	10000-30000	22456	34	0.871815615130191	0.8975858444550994	0.9231481690628658	10000	SpecificDriverGenes
0	1-3	11	11	0.45171202809482003	1.4221177432542926	inf	3	SpecificDriverGenes
1	3-10	163	121	0.8899934134222999	1.5193864454687553	2.287204405148059	10	SpecificDriverGenes
2	10-30	2412	1206	1.3019885269291172	1.4662561043784539	1.6740187814362748	30	SpecificDriverGenes
3	30-100	15706	3791	1.2429098413131787	1.289568801506255	1.353159366519063	100	SpecificDriverGenes
4	100-300	27753	2448	1.0864896104779365	1.1126704942053802	1.1458818531121684	300	SpecificDriverGenes
5	300-1000	38911	1170	1.073314299200688	1.100950251914887	1.1299740741723627	1000	SpecificDriverGenes
6	1000-3000	33855	378	1.0181494530040247	1.0397654386667696	1.0614447699804448	3000	SpecificDriverGenes
7	3000-10000	21533	75	0.9278020814165685	0.9500672876083972	0.9797884118727954	10000	SpecificDriverGenes
8	10000-30000	22456	34	0.871815615130191	0.8975858444550994	0.9231481690628658	30000	SpecificDriverGenes
