	Unnamed: 0	xbin	NumMutsInBin	NumPatientsInBin	low	true	high	Bin	Group	AF
0	0	1-3	155	82	0.4016595737148608	0.5612402709305189	0.8490037359900373	1	Passengers	0.1
1	1	3-10	2796	425	0.8980270779070774	0.9783446506753432	1.1016828278041066	3	Passengers	0.1
2	2	10-30	32763	1718	0.9626460049370708	0.9964448449602198	1.0326090089276865	10	Passengers	0.1
3	3	30-100	224189	3956	0.9591631144566796	0.9731605639417078	0.98768815518306	30	Passengers	0.1
4	4	100-300	395287	2449	0.921806495265425	0.9318487442164824	0.9406450555105108	100	Passengers	0.1
5	5	300-1000	594031	1170	0.9244904802983231	0.9323555101331	0.9400227988946224	300	Passengers	0.1
6	6	1000-3000	582717	378	0.9343013175597707	0.9412890825161826	0.9468835965723572	1000	Passengers	0.1
7	7	3000-10000	390588	75	0.8925072688149897	0.9015202950736536	0.9107825380040272	3000	Passengers	0.1
8	8	10000-30000	457593	34	0.8493682856626312	0.8597259530786425	0.8660471789812278	10000	Passengers	0.1
9	0	1-3	155	82	0.4016595737148608	0.5612402709305189	0.8490037359900373	3	Passengers	0.1
10	1	3-10	2796	425	0.8980270779070774	0.9783446506753432	1.1016828278041066	10	Passengers	0.1
11	2	10-30	32763	1718	0.9626460049370708	0.9964448449602198	1.0326090089276865	30	Passengers	0.1
12	3	30-100	224189	3956	0.9591631144566796	0.9731605639417078	0.98768815518306	100	Passengers	0.1
13	4	100-300	395287	2449	0.921806495265425	0.9318487442164824	0.9406450555105108	300	Passengers	0.1
14	5	300-1000	594031	1170	0.9244904802983231	0.9323555101331	0.9400227988946224	1000	Passengers	0.1
15	6	1000-3000	582717	378	0.9343013175597707	0.9412890825161826	0.9468835965723572	3000	Passengers	0.1
16	7	3000-10000	390588	75	0.8925072688149897	0.9015202950736536	0.9107825380040272	10000	Passengers	0.1
17	8	10000-30000	457593	34	0.8493682856626312	0.8597259530786425	0.8660471789812278	30000	Passengers	0.1
18	0	1-3	13	13	0.5846153846153846	2.7398615232443126	inf	1	Drivers	0.1
19	1	3-10	326	244	3.2201207243460765	4.917175282798798	7.224970985278847	3	Drivers	0.1
20	2	10-30	2537	1285	2.512594650055284	2.794507912429053	3.165721886257729	10	Drivers	0.1
21	3	30-100	12459	3684	1.8941545246193456	1.9767355725056208	2.076834110926505	30	Drivers	0.1
22	4	100-300	16974	2439	1.4242761803889612	1.485042876041474	1.547208634920595	100	Drivers	0.1
23	5	300-1000	20739	1170	1.2213758715993963	1.2677772962344809	1.3197312920853899	300	Drivers	0.1
24	6	1000-3000	18406	378	1.07950358818737	1.113972307110511	1.1451618506651309	1000	Drivers	0.1
25	7	3000-10000	11579	75	0.9731499158067832	1.0037137889453045	1.0448505678959836	3000	Drivers	0.1
26	8	10000-30000	14195	34	0.91658124571041	0.9440617839571352	0.9757281387134544	10000	Drivers	0.1
27	0	1-3	13	13	0.5846153846153846	2.7398615232443126	inf	3	Drivers	0.1
28	1	3-10	326	244	3.2201207243460765	4.917175282798798	7.224970985278847	10	Drivers	0.1
29	2	10-30	2537	1285	2.512594650055284	2.794507912429053	3.165721886257729	30	Drivers	0.1
30	3	30-100	12459	3684	1.8941545246193456	1.9767355725056208	2.076834110926505	100	Drivers	0.1
31	4	100-300	16974	2439	1.4242761803889612	1.485042876041474	1.547208634920595	300	Drivers	0.1
32	5	300-1000	20739	1170	1.2213758715993963	1.2677772962344809	1.3197312920853899	1000	Drivers	0.1
33	6	1000-3000	18406	378	1.07950358818737	1.113972307110511	1.1451618506651309	3000	Drivers	0.1
34	7	3000-10000	11579	75	0.9731499158067832	1.0037137889453045	1.0448505678959836	10000	Drivers	0.1
35	8	10000-30000	14195	34	0.91658124571041	0.9440617839571352	0.9757281387134544	30000	Drivers	0.1
36	0	1-3	11	11	0.5677966101694916	2.419928825622776	inf	1	Clonal_Drivers	0.1
37	1	3-10	280	216	3.059931921889325	5.21509843856076	8.406340391067918	3	Clonal_Drivers	0.1
38	2	10-30	2265	1178	2.648281323070014	2.9993794345266385	3.54143300495636	10	Clonal_Drivers	0.1
39	3	30-100	11521	3540	1.9510520056691325	2.028547440920445	2.138152435793492	30	Clonal_Drivers	0.1
40	4	100-300	15806	2341	1.4464907433052834	1.5000509379481888	1.5658616100540157	100	Clonal_Drivers	0.1
41	5	300-1000	19385	1127	1.2355765480348544	1.2781540192125922	1.3181990488815023	300	Clonal_Drivers	0.1
42	6	1000-3000	17272	367	1.0862214299628163	1.1154893204304974	1.1577968119295723	1000	Clonal_Drivers	0.1
43	7	3000-10000	11390	75	0.965861819921734	1.006394378506328	1.0470373922624558	3000	Clonal_Drivers	0.1
44	8	10000-30000	13326	32	0.9004484073400253	0.9425256133430588	0.9769953384888528	10000	Clonal_Drivers	0.1
45	0	1-3	11	11	0.5677966101694916	2.419928825622776	inf	3	Clonal_Drivers	0.1
46	1	3-10	280	216	3.059931921889325	5.21509843856076	8.406340391067918	10	Clonal_Drivers	0.1
47	2	10-30	2265	1178	2.648281323070014	2.9993794345266385	3.54143300495636	30	Clonal_Drivers	0.1
48	3	30-100	11521	3540	1.9510520056691325	2.028547440920445	2.138152435793492	100	Clonal_Drivers	0.1
49	4	100-300	15806	2341	1.4464907433052834	1.5000509379481888	1.5658616100540157	300	Clonal_Drivers	0.1
50	5	300-1000	19385	1127	1.2355765480348544	1.2781540192125922	1.3181990488815023	1000	Clonal_Drivers	0.1
51	6	1000-3000	17272	367	1.0862214299628163	1.1154893204304974	1.1577968119295723	3000	Clonal_Drivers	0.1
52	7	3000-10000	11390	75	0.965861819921734	1.006394378506328	1.0470373922624558	10000	Clonal_Drivers	0.1
53	8	10000-30000	13326	32	0.9004484073400253	0.9425256133430588	0.9769953384888528	30000	Clonal_Drivers	0.1
54	0	1-3	2	2	inf	inf	inf	1	Subclonal_Drivers	0.1
55	1	3-10	22	22	0.8543307086614172	2.4972035794183447	inf	3	Subclonal_Drivers	0.1
56	2	10-30	147	126	1.0060148663478063	1.4738790514652582	2.166579571929366	10	Subclonal_Drivers	0.1
57	3	30-100	568	459	0.9074953540278096	1.1168116911238566	1.2965828188857185	30	Subclonal_Drivers	0.1
58	4	100-300	553	398	1.0061764688752806	1.2050319295700531	1.452382417011587	100	Subclonal_Drivers	0.1
59	5	300-1000	606	259	0.960039398713754	1.088112292760764	1.3318126742405112	300	Subclonal_Drivers	0.1
60	6	1000-3000	509	134	0.8323283543086217	1.0024160666919288	1.3021477920600684	1000	Subclonal_Drivers	0.1
61	7	3000-10000	189	38	0.6452369779446271	0.8972454178977415	1.2723273793655026	3000	Subclonal_Drivers	0.1
62	8	10000-30000	109	22	0.6544796602806049	0.8825041111577152	1.2661731601731605	10000	Subclonal_Drivers	0.1
63	0	1-3	2	2	inf	inf	inf	3	Subclonal_Drivers	0.1
64	1	3-10	22	22	0.8543307086614172	2.4972035794183447	inf	10	Subclonal_Drivers	0.1
65	2	10-30	147	126	1.0060148663478063	1.4738790514652582	2.166579571929366	30	Subclonal_Drivers	0.1
66	3	30-100	568	459	0.9074953540278096	1.1168116911238566	1.2965828188857185	100	Subclonal_Drivers	0.1
67	4	100-300	553	398	1.0061764688752806	1.2050319295700531	1.452382417011587	300	Subclonal_Drivers	0.1
68	5	300-1000	606	259	0.960039398713754	1.088112292760764	1.3318126742405112	1000	Subclonal_Drivers	0.1
69	6	1000-3000	509	134	0.8323283543086217	1.0024160666919288	1.3021477920600684	3000	Subclonal_Drivers	0.1
70	7	3000-10000	189	38	0.6452369779446271	0.8972454178977415	1.2723273793655026	10000	Subclonal_Drivers	0.1
71	8	10000-30000	109	22	0.6544796602806049	0.8825041111577152	1.2661731601731605	30000	Subclonal_Drivers	0.1
72	0	1-3	90	52	0.2553999096249435	0.4823329076202639	0.816107736994983	1	Clonal_Passengers	0.1
73	1	3-10	1973	369	0.8683005434545664	0.9692818219899167	1.0992651186193343	3	Clonal_Passengers	0.1
74	2	10-30	27132	1614	0.9662952541409588	0.9983350326533156	1.0259595563170574	10	Clonal_Passengers	0.1
75	3	30-100	202940	3835	0.9615466697090408	0.9711166618833228	0.9815947835665404	30	Clonal_Passengers	0.1
76	4	100-300	364900	2354	0.9280772951053324	0.9344707381491852	0.9452884341532388	100	Clonal_Passengers	0.1
77	5	300-1000	555637	1127	0.923156397597338	0.9296004287632952	0.9373903269957036	300	Clonal_Passengers	0.1
78	6	1000-3000	549942	367	0.9313959035878782	0.9390669874050488	0.9462554404538328	1000	Clonal_Passengers	0.1
79	7	3000-10000	384869	75	0.8919666965465447	0.9014689877947728	0.9098491887668104	3000	Clonal_Passengers	0.1
80	8	10000-30000	429283	32	0.8522039548804929	0.8601336309779886	0.8679084399640955	10000	Clonal_Passengers	0.1
81	0	1-3	90	52	0.2553999096249435	0.4823329076202639	0.816107736994983	3	Clonal_Passengers	0.1
82	1	3-10	1973	369	0.8683005434545664	0.9692818219899167	1.0992651186193343	10	Clonal_Passengers	0.1
83	2	10-30	27132	1614	0.9662952541409588	0.9983350326533156	1.0259595563170574	30	Clonal_Passengers	0.1
84	3	30-100	202940	3835	0.9615466697090408	0.9711166618833228	0.9815947835665404	100	Clonal_Passengers	0.1
85	4	100-300	364900	2354	0.9280772951053324	0.9344707381491852	0.9452884341532388	300	Clonal_Passengers	0.1
86	5	300-1000	555637	1127	0.923156397597338	0.9296004287632952	0.9373903269957036	1000	Clonal_Passengers	0.1
87	6	1000-3000	549942	367	0.9313959035878782	0.9390669874050488	0.9462554404538328	3000	Clonal_Passengers	0.1
88	7	3000-10000	384869	75	0.8919666965465447	0.9014689877947728	0.9098491887668104	10000	Clonal_Passengers	0.1
89	8	10000-30000	429283	32	0.8522039548804929	0.8601336309779886	0.8679084399640955	30000	Clonal_Passengers	0.1
90	0	1-3	30	26	0.6116841800829076	1.0775	3.0209643605870022	1	Subclonal_Passengers	0.1
91	1	3-10	478	233	0.8404119443015892	1.0225187221537586	1.2096578635040174	3	Subclonal_Passengers	0.1
92	2	10-30	3782	1074	0.9317445999090866	0.9922624556658479	1.084073994424794	10	Subclonal_Passengers	0.1
93	3	30-100	14850	2856	0.9677189164588508	1.0141106001383278	1.0584097921630593	30	Subclonal_Passengers	0.1
94	4	100-300	15523	1708	0.8668078992360817	0.9068240352111501	0.9412394260387038	100	Subclonal_Passengers	0.1
95	5	300-1000	17079	822	0.9556214302613164	1.0091266452238443	1.0516469103876778	300	Subclonal_Passengers	0.1
96	6	1000-3000	14793	287	0.9539894592842302	0.9981307210287584	1.0451436163656993	1000	Subclonal_Passengers	0.1
97	7	3000-10000	5719	65	0.8224222356804594	0.8943634972546127	0.9801567592174399	3000	Subclonal_Passengers	0.1
98	8	10000-30000	3552	31	0.6771975488624065	0.7772256975379518	0.8660333182597324	10000	Subclonal_Passengers	0.1
99	0	1-3	30	26	0.6116841800829076	1.0775	3.0209643605870022	3	Subclonal_Passengers	0.1
100	1	3-10	478	233	0.8404119443015892	1.0225187221537586	1.2096578635040174	10	Subclonal_Passengers	0.1
101	2	10-30	3782	1074	0.9317445999090866	0.9922624556658479	1.084073994424794	30	Subclonal_Passengers	0.1
102	3	30-100	14850	2856	0.9677189164588508	1.0141106001383278	1.0584097921630593	100	Subclonal_Passengers	0.1
103	4	100-300	15523	1708	0.8668078992360817	0.9068240352111501	0.9412394260387038	300	Subclonal_Passengers	0.1
104	5	300-1000	17079	822	0.9556214302613164	1.0091266452238443	1.0516469103876778	1000	Subclonal_Passengers	0.1
105	6	1000-3000	14793	287	0.9539894592842302	0.9981307210287584	1.0451436163656993	3000	Subclonal_Passengers	0.1
106	7	3000-10000	5719	65	0.8224222356804594	0.8943634972546127	0.9801567592174399	10000	Subclonal_Passengers	0.1
107	8	10000-30000	3552	31	0.6771975488624065	0.7772256975379518	0.8660333182597324	30000	Subclonal_Passengers	0.1
108	0	1-3	155	82	0.4016595737148608	0.5612402709305189	0.8490037359900373	1	Passengers	0.2
109	1	3-10	2796	425	0.8980270779070774	0.9783446506753432	1.1016828278041066	3	Passengers	0.2
110	2	10-30	32763	1718	0.9626460049370708	0.9964448449602198	1.0326090089276865	10	Passengers	0.2
111	3	30-100	224189	3956	0.9591631144566796	0.9731605639417078	0.98768815518306	30	Passengers	0.2
112	4	100-300	395287	2449	0.921806495265425	0.9318487442164824	0.9406450555105108	100	Passengers	0.2
113	5	300-1000	594031	1170	0.9244904802983231	0.9323555101331	0.9400227988946224	300	Passengers	0.2
114	6	1000-3000	582717	378	0.9343013175597707	0.9412890825161826	0.9468835965723572	1000	Passengers	0.2
115	7	3000-10000	390588	75	0.8925072688149897	0.9015202950736536	0.9107825380040272	3000	Passengers	0.2
116	8	10000-30000	457593	34	0.8493682856626312	0.8597259530786425	0.8660471789812278	10000	Passengers	0.2
117	0	1-3	155	82	0.4016595737148608	0.5612402709305189	0.8490037359900373	3	Passengers	0.2
118	1	3-10	2796	425	0.8980270779070774	0.9783446506753432	1.1016828278041066	10	Passengers	0.2
119	2	10-30	32763	1718	0.9626460049370708	0.9964448449602198	1.0326090089276865	30	Passengers	0.2
120	3	30-100	224189	3956	0.9591631144566796	0.9731605639417078	0.98768815518306	100	Passengers	0.2
121	4	100-300	395287	2449	0.921806495265425	0.9318487442164824	0.9406450555105108	300	Passengers	0.2
122	5	300-1000	594031	1170	0.9244904802983231	0.9323555101331	0.9400227988946224	1000	Passengers	0.2
123	6	1000-3000	582717	378	0.9343013175597707	0.9412890825161826	0.9468835965723572	3000	Passengers	0.2
124	7	3000-10000	390588	75	0.8925072688149897	0.9015202950736536	0.9107825380040272	10000	Passengers	0.2
125	8	10000-30000	457593	34	0.8493682856626312	0.8597259530786425	0.8660471789812278	30000	Passengers	0.2
126	0	1-3	13	13	0.5846153846153846	2.7398615232443126	inf	1	Drivers	0.2
127	1	3-10	326	244	3.2201207243460765	4.917175282798798	7.224970985278847	3	Drivers	0.2
128	2	10-30	2537	1285	2.512594650055284	2.794507912429053	3.165721886257729	10	Drivers	0.2
129	3	30-100	12459	3684	1.8941545246193456	1.9767355725056208	2.076834110926505	30	Drivers	0.2
130	4	100-300	16974	2439	1.4242761803889612	1.485042876041474	1.547208634920595	100	Drivers	0.2
131	5	300-1000	20739	1170	1.2213758715993963	1.2677772962344809	1.3197312920853899	300	Drivers	0.2
132	6	1000-3000	18406	378	1.07950358818737	1.113972307110511	1.1451618506651309	1000	Drivers	0.2
133	7	3000-10000	11579	75	0.9731499158067832	1.0037137889453045	1.0448505678959836	3000	Drivers	0.2
134	8	10000-30000	14195	34	0.91658124571041	0.9440617839571352	0.9757281387134544	10000	Drivers	0.2
135	0	1-3	13	13	0.5846153846153846	2.7398615232443126	inf	3	Drivers	0.2
136	1	3-10	326	244	3.2201207243460765	4.917175282798798	7.224970985278847	10	Drivers	0.2
137	2	10-30	2537	1285	2.512594650055284	2.794507912429053	3.165721886257729	30	Drivers	0.2
138	3	30-100	12459	3684	1.8941545246193456	1.9767355725056208	2.076834110926505	100	Drivers	0.2
139	4	100-300	16974	2439	1.4242761803889612	1.485042876041474	1.547208634920595	300	Drivers	0.2
140	5	300-1000	20739	1170	1.2213758715993963	1.2677772962344809	1.3197312920853899	1000	Drivers	0.2
141	6	1000-3000	18406	378	1.07950358818737	1.113972307110511	1.1451618506651309	3000	Drivers	0.2
142	7	3000-10000	11579	75	0.9731499158067832	1.0037137889453045	1.0448505678959836	10000	Drivers	0.2
143	8	10000-30000	14195	34	0.91658124571041	0.9440617839571352	0.9757281387134544	30000	Drivers	0.2
144	0	1-3	8	8	0.3136363636363637	3.3437500000000004	inf	1	Clonal_Drivers	0.2
145	1	3-10	248	197	4.869898677813621	7.473047757482356	15.93021214896215	3	Clonal_Drivers	0.2
146	2	10-30	2066	1121	2.760493651092786	3.2321546903579823	3.787077891918474	10	Clonal_Drivers	0.2
147	3	30-100	10594	3465	2.0400461083691166	2.1393805441951543	2.248160996664037	30	Clonal_Drivers	0.2
148	4	100-300	14470	2328	1.4850332832601758	1.546847526175675	1.602524632380704	100	Clonal_Drivers	0.2
149	5	300-1000	17621	1124	1.2741390095512846	1.3133640129536035	1.3581674587239403	300	Clonal_Drivers	0.2
150	6	1000-3000	15104	367	1.097902326473503	1.1225230727724929	1.1682718606873617	1000	Clonal_Drivers	0.2
151	7	3000-10000	10201	75	0.9911066204784628	1.0170677644580088	1.0544043857343277	3000	Clonal_Drivers	0.2
152	8	10000-30000	12378	32	0.9080808905675692	0.947281524026407	0.9779724941385068	10000	Clonal_Drivers	0.2
153	0	1-3	8	8	0.3136363636363637	3.3437500000000004	inf	3	Clonal_Drivers	0.2
154	1	3-10	248	197	4.869898677813621	7.473047757482356	15.93021214896215	10	Clonal_Drivers	0.2
155	2	10-30	2066	1121	2.760493651092786	3.2321546903579823	3.787077891918474	30	Clonal_Drivers	0.2
156	3	30-100	10594	3465	2.0400461083691166	2.1393805441951543	2.248160996664037	100	Clonal_Drivers	0.2
157	4	100-300	14470	2328	1.4850332832601758	1.546847526175675	1.602524632380704	300	Clonal_Drivers	0.2
158	5	300-1000	17621	1124	1.2741390095512846	1.3133640129536035	1.3581674587239403	1000	Clonal_Drivers	0.2
159	6	1000-3000	15104	367	1.097902326473503	1.1225230727724929	1.1682718606873617	3000	Clonal_Drivers	0.2
160	7	3000-10000	10201	75	0.9911066204784628	1.0170677644580088	1.0544043857343277	10000	Clonal_Drivers	0.2
161	8	10000-30000	12378	32	0.9080808905675692	0.947281524026407	0.9779724941385068	30000	Clonal_Drivers	0.2
162	0	1-3	5	5	0.34	1.7379310344827588	inf	1	Subclonal_Drivers	0.2
163	1	3-10	54	49	1.0619209039548023	1.807066450567261	3.848410184207439	3	Subclonal_Drivers	0.2
164	2	10-30	346	282	1.2120579815330026	1.5664893557471056	1.9936016829216303	10	Subclonal_Drivers	0.2
165	3	30-100	1495	1069	1.0499048943855356	1.1850544878593898	1.3514184783520586	30	Subclonal_Drivers	0.2
166	4	100-300	1889	1037	1.021407446454921	1.1377810566019313	1.2387868573868424	100	Subclonal_Drivers	0.2
167	5	300-1000	2370	651	0.9373288917028908	1.017132604639163	1.1006460576945605	300	Subclonal_Drivers	0.2
168	6	1000-3000	2677	297	1.0012763326146272	1.0591573491557644	1.148772995596815	1000	Subclonal_Drivers	0.2
169	7	3000-10000	1378	71	0.8330886065358032	0.917576485211404	1.0313050815260325	3000	Subclonal_Drivers	0.2
170	8	10000-30000	1057	32	0.8075146515744664	0.8869454522758934	1.0542397925700921	10000	Subclonal_Drivers	0.2
171	0	1-3	5	5	0.34	1.7379310344827588	inf	3	Subclonal_Drivers	0.2
172	1	3-10	54	49	1.0619209039548023	1.807066450567261	3.848410184207439	10	Subclonal_Drivers	0.2
173	2	10-30	346	282	1.2120579815330026	1.5664893557471056	1.9936016829216303	30	Subclonal_Drivers	0.2
174	3	30-100	1495	1069	1.0499048943855356	1.1850544878593898	1.3514184783520586	100	Subclonal_Drivers	0.2
175	4	100-300	1889	1037	1.021407446454921	1.1377810566019313	1.2387868573868424	300	Subclonal_Drivers	0.2
176	5	300-1000	2370	651	0.9373288917028908	1.017132604639163	1.1006460576945605	1000	Subclonal_Drivers	0.2
177	6	1000-3000	2677	297	1.0012763326146272	1.0591573491557644	1.148772995596815	3000	Subclonal_Drivers	0.2
178	7	3000-10000	1378	71	0.8330886065358032	0.917576485211404	1.0313050815260325	10000	Subclonal_Drivers	0.2
179	8	10000-30000	1057	32	0.8075146515744664	0.8869454522758934	1.0542397925700921	30000	Subclonal_Drivers	0.2
180	0	1-3	54	36	0.2276119984417608	0.4399344848123883	0.8918543011599223	1	Clonal_Passengers	0.2
181	1	3-10	1483	349	0.8479574477972951	0.9840297273084604	1.1002186063977772	3	Clonal_Passengers	0.2
182	2	10-30	22258	1587	0.9488232879032416	0.9920868183483031	1.03231816672934	10	Clonal_Passengers	0.2
183	3	30-100	178200	3828	0.9617885162404808	0.9760413002088446	0.9905625845723441	30	Clonal_Passengers	0.2
184	4	100-300	325197	2354	0.9195063146720966	0.9314734855062042	0.9423605959261634	100	Clonal_Passengers	0.2
185	5	300-1000	498813	1126	0.9184598940500572	0.9256929224123625	0.932765431186958	300	Clonal_Passengers	0.2
186	6	1000-3000	481744	367	0.9242765117671536	0.9323738792390832	0.9389010479472004	1000	Clonal_Passengers	0.2
187	7	3000-10000	345854	75	0.8938097814835457	0.9008022456315434	0.9101515977043289	3000	Clonal_Passengers	0.2
188	8	10000-30000	397758	32	0.8520553383518115	0.8589375918198089	0.8672305598663992	10000	Clonal_Passengers	0.2
189	0	1-3	54	36	0.2276119984417608	0.4399344848123883	0.8918543011599223	3	Clonal_Passengers	0.2
190	1	3-10	1483	349	0.8479574477972951	0.9840297273084604	1.1002186063977772	10	Clonal_Passengers	0.2
191	2	10-30	22258	1587	0.9488232879032416	0.9920868183483031	1.03231816672934	30	Clonal_Passengers	0.2
192	3	30-100	178200	3828	0.9617885162404808	0.9760413002088446	0.9905625845723441	100	Clonal_Passengers	0.2
193	4	100-300	325197	2354	0.9195063146720966	0.9314734855062042	0.9423605959261634	300	Clonal_Passengers	0.2
194	5	300-1000	498813	1126	0.9184598940500572	0.9256929224123625	0.932765431186958	1000	Clonal_Passengers	0.2
195	6	1000-3000	481744	367	0.9242765117671536	0.9323738792390832	0.9389010479472004	3000	Clonal_Passengers	0.2
196	7	3000-10000	345854	75	0.8938097814835457	0.9008022456315434	0.9101515977043289	10000	Clonal_Passengers	0.2
197	8	10000-30000	397758	32	0.8520553383518115	0.8589375918198089	0.8672305598663992	30000	Clonal_Passengers	0.2
198	0	1-3	66	46	0.4940509388362149	0.7692801140413399	1.4632344627445069	1	Subclonal_Passengers	0.2
199	1	3-10	968	324	0.8528108107785812	0.9697390316209272	1.1140030628053017	3	Subclonal_Passengers	0.2
200	2	10-30	8656	1464	0.9489060263419056	1.0136900158789723	1.090615667103481	10	Subclonal_Passengers	0.2
201	3	30-100	39590	3689	0.9390000766680506	0.9657443950692268	0.996846215221328	30	Subclonal_Passengers	0.2
202	4	100-300	55226	2302	0.9202553432350596	0.9444607902632188	0.9614045808542828	100	Subclonal_Passengers	0.2
203	5	300-1000	73903	1108	0.9528634485269952	0.9743520042281428	0.9952521631771394	300	Subclonal_Passengers	0.2
204	6	1000-3000	82991	356	0.9683218884161501	0.9902783218294362	1.007644134985863	1000	Subclonal_Passengers	0.2
205	7	3000-10000	44734	74	0.8760818692577033	0.9023701468546822	0.9329304245390196	3000	Subclonal_Passengers	0.2
206	8	10000-30000	35077	32	0.8411326220543509	0.8666967360274545	0.8968062197231379	10000	Subclonal_Passengers	0.2
207	0	1-3	66	46	0.4940509388362149	0.7692801140413399	1.4632344627445069	3	Subclonal_Passengers	0.2
208	1	3-10	968	324	0.8528108107785812	0.9697390316209272	1.1140030628053017	10	Subclonal_Passengers	0.2
209	2	10-30	8656	1464	0.9489060263419056	1.0136900158789723	1.090615667103481	30	Subclonal_Passengers	0.2
210	3	30-100	39590	3689	0.9390000766680506	0.9657443950692268	0.996846215221328	100	Subclonal_Passengers	0.2
211	4	100-300	55226	2302	0.9202553432350596	0.9444607902632188	0.9614045808542828	300	Subclonal_Passengers	0.2
212	5	300-1000	73903	1108	0.9528634485269952	0.9743520042281428	0.9952521631771394	1000	Subclonal_Passengers	0.2
213	6	1000-3000	82991	356	0.9683218884161501	0.9902783218294362	1.007644134985863	3000	Subclonal_Passengers	0.2
214	7	3000-10000	44734	74	0.8760818692577033	0.9023701468546822	0.9329304245390196	10000	Subclonal_Passengers	0.2
215	8	10000-30000	35077	32	0.8411326220543509	0.8666967360274545	0.8968062197231379	30000	Subclonal_Passengers	0.2
0	0	1-3	155	82	0.3679932815213369	0.5612402709305189	0.8656332999521051	1	Passengers	0.3
1	1	3-10	2796	425	0.8983599706149274	0.9783446506753432	1.069747288672098	3	Passengers	0.3
2	2	10-30	32763	1718	0.9692930877439806	0.9964448449602198	1.02787211160146	10	Passengers	0.3
3	3	30-100	224189	3956	0.962271956946194	0.9731605639417078	0.9861520269320748	30	Passengers	0.3
4	4	100-300	395287	2449	0.922943218199279	0.9318487442164824	0.9406118776107129	100	Passengers	0.3
5	5	300-1000	594031	1170	0.9258445691597609	0.9323555101331	0.9404656921406972	300	Passengers	0.3
6	6	1000-3000	582717	378	0.9354978624987128	0.9412890825161826	0.9500263084188086	1000	Passengers	0.3
7	7	3000-10000	390588	75	0.8933954531689816	0.9015202950736536	0.9094851606939202	3000	Passengers	0.3
8	8	10000-30000	457592	34	0.8511069531791376	0.8597234586538544	0.8691808944962082	10000	Passengers	0.3
9	0	1-3	155	82	0.3679932815213369	0.5612402709305189	0.8656332999521051	3	Passengers	0.3
10	1	3-10	2796	425	0.8983599706149274	0.9783446506753432	1.069747288672098	10	Passengers	0.3
11	2	10-30	32763	1718	0.9692930877439806	0.9964448449602198	1.02787211160146	30	Passengers	0.3
12	3	30-100	224189	3956	0.962271956946194	0.9731605639417078	0.9861520269320748	100	Passengers	0.3
13	4	100-300	395287	2449	0.922943218199279	0.9318487442164824	0.9406118776107129	300	Passengers	0.3
14	5	300-1000	594031	1170	0.9258445691597609	0.9323555101331	0.9404656921406972	1000	Passengers	0.3
15	6	1000-3000	582717	378	0.9354978624987128	0.9412890825161826	0.9500263084188086	3000	Passengers	0.3
16	7	3000-10000	390588	75	0.8933954531689816	0.9015202950736536	0.9094851606939202	10000	Passengers	0.3
17	8	10000-30000	457592	34	0.8511069531791376	0.8597234586538544	0.8691808944962082	30000	Passengers	0.3
18	0	1-3	13	13	0.5916334661354582	2.7398615232443126	inf	1	Drivers	0.3
19	1	3-10	326	244	3.0730256040389468	4.917175282798798	7.164294697822203	3	Drivers	0.3
20	2	10-30	2537	1285	2.4864199168819554	2.794507912429053	3.2241644643975333	10	Drivers	0.3
21	3	30-100	12459	3684	1.884012789125995	1.9767355725056208	2.082109583537196	30	Drivers	0.3
22	4	100-300	16974	2439	1.426793814875279	1.485042876041474	1.5485254772889645	100	Drivers	0.3
23	5	300-1000	20739	1170	1.226867560608699	1.2677772962344809	1.3094441205347769	300	Drivers	0.3
24	6	1000-3000	18406	378	1.0825030919308771	1.113972307110511	1.146612651479204	1000	Drivers	0.3
25	7	3000-10000	11579	75	0.9623040678573423	1.0037137889453045	1.0326638956841228	3000	Drivers	0.3
26	8	10000-30000	14195	34	0.903395280988894	0.9440617839571352	0.9883243247613752	10000	Drivers	0.3
27	0	1-3	13	13	0.5916334661354582	2.7398615232443126	inf	3	Drivers	0.3
28	1	3-10	326	244	3.0730256040389468	4.917175282798798	7.164294697822203	10	Drivers	0.3
29	2	10-30	2537	1285	2.4864199168819554	2.794507912429053	3.2241644643975333	30	Drivers	0.3
30	3	30-100	12459	3684	1.884012789125995	1.9767355725056208	2.082109583537196	100	Drivers	0.3
31	4	100-300	16974	2439	1.426793814875279	1.485042876041474	1.5485254772889645	300	Drivers	0.3
32	5	300-1000	20739	1170	1.226867560608699	1.2677772962344809	1.3094441205347769	1000	Drivers	0.3
33	6	1000-3000	18406	378	1.0825030919308771	1.113972307110511	1.146612651479204	3000	Drivers	0.3
34	7	3000-10000	11579	75	0.9623040678573423	1.0037137889453045	1.0326638956841228	10000	Drivers	0.3
35	8	10000-30000	14195	34	0.903395280988894	0.9440617839571352	0.9883243247613752	30000	Drivers	0.3
36	0	1-3	6	6	0.20792079207920794	1.9230769230769231	inf	1	Clonal_Drivers	0.3
37	1	3-10	232	187	5.24426202439082	8.158611907035977	17.100788349939776	3	Clonal_Drivers	0.3
38	2	10-30	1872	1068	3.0846116832914334	3.5184619606065315	4.066700035727607	10	Clonal_Drivers	0.3
39	3	30-100	9622	3363	2.1649427224783904	2.255767354975191	2.4061786918465002	30	Clonal_Drivers	0.3
40	4	100-300	12844	2310	1.5324981075649255	1.5923919124087136	1.6641839936105784	100	Clonal_Drivers	0.3
41	5	300-1000	15609	1119	1.2929390940198258	1.345198884313051	1.396885220954459	300	Clonal_Drivers	0.3
42	6	1000-3000	13311	364	1.0882290441503504	1.1278708959347674	1.1646583547875342	1000	Clonal_Drivers	0.3
43	7	3000-10000	8855	75	0.9559306578484038	1.0206740723995469	1.0610506922084797	3000	Clonal_Drivers	0.3
44	8	10000-30000	11226	32	0.9153911283351204	0.9543862569703444	0.9912049326547384	10000	Clonal_Drivers	0.3
45	0	1-3	6	6	0.20792079207920794	1.9230769230769231	inf	3	Clonal_Drivers	0.3
46	1	3-10	232	187	5.24426202439082	8.158611907035977	17.100788349939776	10	Clonal_Drivers	0.3
47	2	10-30	1872	1068	3.0846116832914334	3.5184619606065315	4.066700035727607	30	Clonal_Drivers	0.3
48	3	30-100	9622	3363	2.1649427224783904	2.255767354975191	2.4061786918465002	100	Clonal_Drivers	0.3
49	4	100-300	12844	2310	1.5324981075649255	1.5923919124087136	1.6641839936105784	300	Clonal_Drivers	0.3
50	5	300-1000	15609	1119	1.2929390940198258	1.345198884313051	1.396885220954459	1000	Clonal_Drivers	0.3
51	6	1000-3000	13311	364	1.0882290441503504	1.1278708959347674	1.1646583547875342	3000	Clonal_Drivers	0.3
52	7	3000-10000	8855	75	0.9559306578484038	1.0206740723995469	1.0610506922084797	10000	Clonal_Drivers	0.3
53	8	10000-30000	11226	32	0.9153911283351204	0.9543862569703444	0.9912049326547384	30000	Clonal_Drivers	0.3
54	0	1-3	7	7	0.41446208112874783	2.4207920792079207	inf	1	Subclonal_Drivers	0.3
55	1	3-10	70	63	1.324123989218329	1.8634790036867188	4.126829954954955	3	Subclonal_Drivers	0.3
56	2	10-30	540	411	1.3131431482685962	1.6222129286967408	2.0036189531931208	10	Subclonal_Drivers	0.3
57	3	30-100	2467	1620	1.1345510375238477	1.256903802847959	1.374561551825895	30	Subclonal_Drivers	0.3
58	4	100-300	3515	1564	1.1024905160135539	1.1888272314795252	1.2930633276045689	100	Subclonal_Drivers	0.3
59	5	300-1000	4382	938	0.9902819696894799	1.054298701188024	1.120492283526532	300	Subclonal_Drivers	0.3
60	6	1000-3000	4470	350	1.0045665715131442	1.0662299180941566	1.1199376453032237	1000	Subclonal_Drivers	0.3
61	7	3000-10000	2724	75	0.8845128468220523	0.956067898287884	1.0279668777381503	3000	Subclonal_Drivers	0.3
62	8	10000-30000	2209	32	0.8009701406063255	0.883724855305153	0.9891081504419408	10000	Subclonal_Drivers	0.3
63	0	1-3	7	7	0.41446208112874783	2.4207920792079207	inf	3	Subclonal_Drivers	0.3
64	1	3-10	70	63	1.324123989218329	1.8634790036867188	4.126829954954955	10	Subclonal_Drivers	0.3
65	2	10-30	540	411	1.3131431482685962	1.6222129286967408	2.0036189531931208	30	Subclonal_Drivers	0.3
66	3	30-100	2467	1620	1.1345510375238477	1.256903802847959	1.374561551825895	100	Subclonal_Drivers	0.3
67	4	100-300	3515	1564	1.1024905160135539	1.1888272314795252	1.2930633276045689	300	Subclonal_Drivers	0.3
68	5	300-1000	4382	938	0.9902819696894799	1.054298701188024	1.120492283526532	1000	Subclonal_Drivers	0.3
69	6	1000-3000	4470	350	1.0045665715131442	1.0662299180941566	1.1199376453032237	3000	Subclonal_Drivers	0.3
70	7	3000-10000	2724	75	0.8845128468220523	0.956067898287884	1.0279668777381503	10000	Subclonal_Drivers	0.3
71	8	10000-30000	2209	32	0.8009701406063255	0.883724855305153	0.9891081504419408	30000	Subclonal_Drivers	0.3
72	0	1-3	41	28	0.4616088243206887	0.8334635823694905	1.6259269823160296	1	Clonal_Passengers	0.3
73	1	3-10	1209	322	0.8283125729834951	0.936796807759088	1.0791225510377251	3	Clonal_Passengers	0.3
74	2	10-30	18638	1562	0.9346831666224146	0.9812173723890832	1.0172272332949632	10	Clonal_Passengers	0.3
75	3	30-100	151924	3821	0.9606827417304634	0.9764912871484709	0.9911518500856179	30	Clonal_Passengers	0.3
76	4	100-300	275660	2352	0.9195431921441264	0.9296334025235012	0.9371841554930536	100	Clonal_Passengers	0.3
77	5	300-1000	432240	1126	0.9172323336057564	0.9258889696633396	0.9355464610974248	300	Clonal_Passengers	0.3
78	6	1000-3000	420601	367	0.9201162798298836	0.9290144262720732	0.9376622284152716	1000	Clonal_Passengers	0.3
79	7	3000-10000	298922	75	0.8885439651475808	0.9002068011172275	0.9075275967759266	3000	Clonal_Passengers	0.3
80	8	10000-30000	359018	32	0.8489603629254596	0.8582484485611538	0.8680869107716804	10000	Clonal_Passengers	0.3
81	0	1-3	41	28	0.4616088243206887	0.8334635823694905	1.6259269823160296	3	Clonal_Passengers	0.3
82	1	3-10	1209	322	0.8283125729834951	0.936796807759088	1.0791225510377251	10	Clonal_Passengers	0.3
83	2	10-30	18638	1562	0.9346831666224146	0.9812173723890832	1.0172272332949632	30	Clonal_Passengers	0.3
84	3	30-100	151924	3821	0.9606827417304634	0.9764912871484709	0.9911518500856179	100	Clonal_Passengers	0.3
85	4	100-300	275660	2352	0.9195431921441264	0.9296334025235012	0.9371841554930536	300	Clonal_Passengers	0.3
86	5	300-1000	432240	1126	0.9172323336057564	0.9258889696633396	0.9355464610974248	1000	Clonal_Passengers	0.3
87	6	1000-3000	420601	367	0.9201162798298836	0.9290144262720732	0.9376622284152716	3000	Clonal_Passengers	0.3
88	7	3000-10000	298922	75	0.8885439651475808	0.9002068011172275	0.9075275967759266	10000	Clonal_Passengers	0.3
89	8	10000-30000	359018	32	0.8489603629254596	0.8582484485611538	0.8680869107716804	30000	Clonal_Passengers	0.3
90	0	1-3	79	53	0.267891173748117	0.4703378789194823	0.8236032642812303	1	Subclonal_Passengers	0.3
91	1	3-10	1242	357	0.8943233623568803	1.0235095230318918	1.1395315113650057	3	Subclonal_Passengers	0.3
92	2	10-30	12276	1587	0.9700827331506942	1.0244888774088066	1.0645991124327172	10	Subclonal_Passengers	0.3
93	3	30-100	65866	3820	0.9433152706891784	0.9690020471852664	0.9927883943790118	30	Subclonal_Passengers	0.3
94	4	100-300	104763	2353	0.9303831636432685	0.9435160417529036	0.9597422615144447	100	Subclonal_Passengers	0.3
95	5	300-1000	140476	1125	0.9374419619486332	0.949985345349016	0.9651580854411991	300	Subclonal_Passengers	0.3
96	6	1000-3000	144134	365	0.9626464726884032	0.9756043107913328	0.9929098099585492	1000	Subclonal_Passengers	0.3
97	7	3000-10000	91666	75	0.885815504533678	0.9052520865153704	0.9212827531692724	3000	Subclonal_Passengers	0.3
98	8	10000-30000	73816	32	0.8444763831810892	0.8650031853529248	0.8822618907588645	10000	Subclonal_Passengers	0.3
99	0	1-3	79	53	0.267891173748117	0.4703378789194823	0.8236032642812303	3	Subclonal_Passengers	0.3
100	1	3-10	1242	357	0.8943233623568803	1.0235095230318918	1.1395315113650057	10	Subclonal_Passengers	0.3
101	2	10-30	12276	1587	0.9700827331506942	1.0244888774088066	1.0645991124327172	30	Subclonal_Passengers	0.3
102	3	30-100	65866	3820	0.9433152706891784	0.9690020471852664	0.9927883943790118	100	Subclonal_Passengers	0.3
103	4	100-300	104763	2353	0.9303831636432685	0.9435160417529036	0.9597422615144447	300	Subclonal_Passengers	0.3
104	5	300-1000	140476	1125	0.9374419619486332	0.949985345349016	0.9651580854411991	1000	Subclonal_Passengers	0.3
105	6	1000-3000	144134	365	0.9626464726884032	0.9756043107913328	0.9929098099585492	3000	Subclonal_Passengers	0.3
106	7	3000-10000	91666	75	0.885815504533678	0.9052520865153704	0.9212827531692724	10000	Subclonal_Passengers	0.3
107	8	10000-30000	73816	32	0.8444763831810892	0.8650031853529248	0.8822618907588645	30000	Subclonal_Passengers	0.3
108	0	1-3	155	82	0.3679932815213369	0.5612402709305189	0.8656332999521051	1	Passengers	0.4
109	1	3-10	2796	425	0.8983599706149274	0.9783446506753432	1.069747288672098	3	Passengers	0.4
110	2	10-30	32763	1718	0.9692930877439806	0.9964448449602198	1.02787211160146	10	Passengers	0.4
111	3	30-100	224189	3956	0.962271956946194	0.9731605639417078	0.9861520269320748	30	Passengers	0.4
112	4	100-300	395287	2449	0.922943218199279	0.9318487442164824	0.9406118776107129	100	Passengers	0.4
113	5	300-1000	594031	1170	0.9258445691597609	0.9323555101331	0.9404656921406972	300	Passengers	0.4
114	6	1000-3000	582717	378	0.9354978624987128	0.9412890825161826	0.9500263084188086	1000	Passengers	0.4
115	7	3000-10000	390588	75	0.8933954531689816	0.9015202950736536	0.9094851606939202	3000	Passengers	0.4
116	8	10000-30000	457592	34	0.8511069531791376	0.8597234586538544	0.8691808944962082	10000	Passengers	0.4
117	0	1-3	155	82	0.3679932815213369	0.5612402709305189	0.8656332999521051	3	Passengers	0.4
118	1	3-10	2796	425	0.8983599706149274	0.9783446506753432	1.069747288672098	10	Passengers	0.4
119	2	10-30	32763	1718	0.9692930877439806	0.9964448449602198	1.02787211160146	30	Passengers	0.4
120	3	30-100	224189	3956	0.962271956946194	0.9731605639417078	0.9861520269320748	100	Passengers	0.4
121	4	100-300	395287	2449	0.922943218199279	0.9318487442164824	0.9406118776107129	300	Passengers	0.4
122	5	300-1000	594031	1170	0.9258445691597609	0.9323555101331	0.9404656921406972	1000	Passengers	0.4
123	6	1000-3000	582717	378	0.9354978624987128	0.9412890825161826	0.9500263084188086	3000	Passengers	0.4
124	7	3000-10000	390588	75	0.8933954531689816	0.9015202950736536	0.9094851606939202	10000	Passengers	0.4
125	8	10000-30000	457592	34	0.8511069531791376	0.8597234586538544	0.8691808944962082	30000	Passengers	0.4
126	0	1-3	13	13	0.5916334661354582	2.7398615232443126	inf	1	Drivers	0.4
127	1	3-10	326	244	3.0730256040389468	4.917175282798798	7.164294697822203	3	Drivers	0.4
128	2	10-30	2537	1285	2.4864199168819554	2.794507912429053	3.2241644643975333	10	Drivers	0.4
129	3	30-100	12459	3684	1.884012789125995	1.9767355725056208	2.082109583537196	30	Drivers	0.4
130	4	100-300	16974	2439	1.426793814875279	1.485042876041474	1.5485254772889645	100	Drivers	0.4
131	5	300-1000	20739	1170	1.226867560608699	1.2677772962344809	1.3094441205347769	300	Drivers	0.4
132	6	1000-3000	18406	378	1.0825030919308771	1.113972307110511	1.146612651479204	1000	Drivers	0.4
133	7	3000-10000	11579	75	0.9623040678573423	1.0037137889453045	1.0326638956841228	3000	Drivers	0.4
134	8	10000-30000	14195	34	0.903395280988894	0.9440617839571352	0.9883243247613752	10000	Drivers	0.4
135	0	1-3	13	13	0.5916334661354582	2.7398615232443126	inf	3	Drivers	0.4
136	1	3-10	326	244	3.0730256040389468	4.917175282798798	7.164294697822203	10	Drivers	0.4
137	2	10-30	2537	1285	2.4864199168819554	2.794507912429053	3.2241644643975333	30	Drivers	0.4
138	3	30-100	12459	3684	1.884012789125995	1.9767355725056208	2.082109583537196	100	Drivers	0.4
139	4	100-300	16974	2439	1.426793814875279	1.485042876041474	1.5485254772889645	300	Drivers	0.4
140	5	300-1000	20739	1170	1.226867560608699	1.2677772962344809	1.3094441205347769	1000	Drivers	0.4
141	6	1000-3000	18406	378	1.0825030919308771	1.113972307110511	1.146612651479204	3000	Drivers	0.4
142	7	3000-10000	11579	75	0.9623040678573423	1.0037137889453045	1.0326638956841228	10000	Drivers	0.4
143	8	10000-30000	14195	34	0.903395280988894	0.9440617839571352	0.9883243247613752	30000	Drivers	0.4
144	0	1-3	6	6	0.15357142857142858	1.9230769230769231	inf	1	Clonal_Drivers	0.4
145	1	3-10	195	161	5.776498179781574	9.971924470722866	25.07203967761935	3	Clonal_Drivers	0.4
146	2	10-30	1584	962	3.345013501505313	3.9480537031511926	4.525031344911468	10	Clonal_Drivers	0.4
147	3	30-100	8060	3199	2.3623111768316964	2.497896899393946	2.652639307088956	30	Clonal_Drivers	0.4
148	4	100-300	10552	2266	1.5790048512385166	1.6641702099288342	1.7397706637136263	100	Clonal_Drivers	0.4
149	5	300-1000	12687	1116	1.3365537275069228	1.3877810669172064	1.4499558976743083	300	Clonal_Drivers	0.4
150	6	1000-3000	10675	363	1.0854687013700794	1.1426196824715935	1.1955859925322079	1000	Clonal_Drivers	0.4
151	7	3000-10000	6925	75	0.9719799234245292	1.0253603352323948	1.0892068890892694	3000	Clonal_Drivers	0.4
152	8	10000-30000	9114	32	0.9133453642392966	0.9618404178702296	1.0055402272498537	10000	Clonal_Drivers	0.4
153	0	1-3	6	6	0.15357142857142858	1.9230769230769231	inf	3	Clonal_Drivers	0.4
154	1	3-10	195	161	5.776498179781574	9.971924470722866	25.07203967761935	10	Clonal_Drivers	0.4
155	2	10-30	1584	962	3.345013501505313	3.9480537031511926	4.525031344911468	30	Clonal_Drivers	0.4
156	3	30-100	8060	3199	2.3623111768316964	2.497896899393946	2.652639307088956	100	Clonal_Drivers	0.4
157	4	100-300	10552	2266	1.5790048512385166	1.6641702099288342	1.7397706637136263	300	Clonal_Drivers	0.4
158	5	300-1000	12687	1116	1.3365537275069228	1.3877810669172064	1.4499558976743083	1000	Clonal_Drivers	0.4
159	6	1000-3000	10675	363	1.0854687013700794	1.1426196824715935	1.1955859925322079	3000	Clonal_Drivers	0.4
160	7	3000-10000	6925	75	0.9719799234245292	1.0253603352323948	1.0892068890892694	10000	Clonal_Drivers	0.4
161	8	10000-30000	9114	32	0.9133453642392966	0.9618404178702296	1.0055402272498537	30000	Clonal_Drivers	0.4
162	0	1-3	7	7	0.4946808510638298	2.4207920792079207	inf	1	Subclonal_Drivers	0.4
163	1	3-10	107	93	1.5046796256299495	2.319498553980736	4.228476728964154	3	Subclonal_Drivers	0.4
164	2	10-30	828	593	1.5501932817173798	1.7753510277221458	2.240985764753796	10	Subclonal_Drivers	0.4
165	3	30-100	4029	2328	1.1918310319053975	1.3288576946760124	1.429938007341493	30	Subclonal_Drivers	0.4
166	4	100-300	5807	1982	1.163355531956044	1.2376547653914187	1.3246882584898707	100	Subclonal_Drivers	0.4
167	5	300-1000	7304	1094	1.0544887035937838	1.1022343432546609	1.1699197275841704	300	Subclonal_Drivers	0.4
168	6	1000-3000	7106	363	1.0129365986929668	1.066970735601219	1.1251432509367187	1000	Subclonal_Drivers	0.4
169	7	3000-10000	4654	75	0.9097812005182092	0.976113085432084	1.0538103840265078	3000	Subclonal_Drivers	0.4
170	8	10000-30000	4321	32	0.8344377643779504	0.9024812046788724	0.9471746808218554	10000	Subclonal_Drivers	0.4
171	0	1-3	7	7	0.4946808510638298	2.4207920792079207	inf	3	Subclonal_Drivers	0.4
172	1	3-10	107	93	1.5046796256299495	2.319498553980736	4.228476728964154	10	Subclonal_Drivers	0.4
173	2	10-30	828	593	1.5501932817173798	1.7753510277221458	2.240985764753796	30	Subclonal_Drivers	0.4
174	3	30-100	4029	2328	1.1918310319053975	1.3288576946760124	1.429938007341493	100	Subclonal_Drivers	0.4
175	4	100-300	5807	1982	1.163355531956044	1.2376547653914187	1.3246882584898707	300	Subclonal_Drivers	0.4
176	5	300-1000	7304	1094	1.0544887035937838	1.1022343432546609	1.1699197275841704	1000	Subclonal_Drivers	0.4
177	6	1000-3000	7106	363	1.0129365986929668	1.066970735601219	1.1251432509367187	3000	Subclonal_Drivers	0.4
178	7	3000-10000	4654	75	0.9097812005182092	0.976113085432084	1.0538103840265078	10000	Subclonal_Drivers	0.4
179	8	10000-30000	4321	32	0.8344377643779504	0.9024812046788724	0.9471746808218554	30000	Subclonal_Drivers	0.4
180	0	1-3	28	20	0.5047634425964799	0.9722669529432814	1.951604938271605	1	Clonal_Passengers	0.4
181	1	3-10	923	302	0.7494797538863903	0.9440081452526256	1.1780895871804964	3	Clonal_Passengers	0.4
182	2	10-30	14209	1546	0.9078846640895872	0.9611956117936667	1.0136981891375216	10	Clonal_Passengers	0.4
183	3	30-100	116441	3813	0.961049230249606	0.9763664773802074	0.9964698350523692	30	Clonal_Passengers	0.4
184	4	100-300	211865	2351	0.9210817978367258	0.9323124056934776	0.9486559247965848	100	Clonal_Passengers	0.4
185	5	300-1000	340419	1125	0.9152233144184292	0.925884239319783	0.9353393945659262	300	Clonal_Passengers	0.4
186	6	1000-3000	332293	367	0.9172872946297872	0.9252885111620892	0.9332563977007491	1000	Clonal_Passengers	0.4
187	7	3000-10000	229904	75	0.8871712093131779	0.8981378747395942	0.9103797457686584	3000	Clonal_Passengers	0.4
188	8	10000-30000	293044	32	0.8458792567878599	0.8573474416958452	0.8666777254597953	10000	Clonal_Passengers	0.4
189	0	1-3	28	20	0.5047634425964799	0.9722669529432814	1.951604938271605	3	Clonal_Passengers	0.4
190	1	3-10	923	302	0.7494797538863903	0.9440081452526256	1.1780895871804964	10	Clonal_Passengers	0.4
191	2	10-30	14209	1546	0.9078846640895872	0.9611956117936667	1.0136981891375216	30	Clonal_Passengers	0.4
192	3	30-100	116441	3813	0.961049230249606	0.9763664773802074	0.9964698350523692	100	Clonal_Passengers	0.4
193	4	100-300	211865	2351	0.9210817978367258	0.9323124056934776	0.9486559247965848	300	Clonal_Passengers	0.4
194	5	300-1000	340419	1125	0.9152233144184292	0.925884239319783	0.9353393945659262	1000	Clonal_Passengers	0.4
195	6	1000-3000	332293	367	0.9172872946297872	0.9252885111620892	0.9332563977007491	3000	Clonal_Passengers	0.4
196	7	3000-10000	229904	75	0.8871712093131779	0.8981378747395942	0.9103797457686584	10000	Clonal_Passengers	0.4
197	8	10000-30000	293044	32	0.8458792567878599	0.8573474416958452	0.8666777254597953	30000	Clonal_Passengers	0.4
198	0	1-3	92	58	0.2560403550171489	0.4871275112327635	0.8709776279497395	1	Subclonal_Passengers	0.4
199	1	3-10	1528	368	0.8674817708831724	1.00328616038917	1.1031408026582212	3	Subclonal_Passengers	0.4
200	2	10-30	16705	1612	0.9870071270124242	1.0308411589787334	1.0800658370234153	10	Subclonal_Passengers	0.4
201	3	30-100	101349	3835	0.9556692017049904	0.9715306510106808	0.990153038627112	30	Subclonal_Passengers	0.4
202	4	100-300	168558	2353	0.9214649327317056	0.9349969592461116	0.9492372461333798	100	Subclonal_Passengers	0.4
203	5	300-1000	232297	1127	0.9297498159043036	0.9406692779941246	0.9536316285455032	300	Subclonal_Passengers	0.4
204	6	1000-3000	232442	366	0.9530010108255004	0.9630232981080028	0.974412786141154	1000	Subclonal_Passengers	0.4
205	7	3000-10000	160684	75	0.8913101837788421	0.9066426311589552	0.9195657111863432	3000	Subclonal_Passengers	0.4
206	8	10000-30000	139790	32	0.8460595644079665	0.8630889177654459	0.8770654682541098	10000	Subclonal_Passengers	0.4
207	0	1-3	92	58	0.2560403550171489	0.4871275112327635	0.8709776279497395	3	Subclonal_Passengers	0.4
208	1	3-10	1528	368	0.8674817708831724	1.00328616038917	1.1031408026582212	10	Subclonal_Passengers	0.4
209	2	10-30	16705	1612	0.9870071270124242	1.0308411589787334	1.0800658370234153	30	Subclonal_Passengers	0.4
210	3	30-100	101349	3835	0.9556692017049904	0.9715306510106808	0.990153038627112	100	Subclonal_Passengers	0.4
211	4	100-300	168558	2353	0.9214649327317056	0.9349969592461116	0.9492372461333798	300	Subclonal_Passengers	0.4
212	5	300-1000	232297	1127	0.9297498159043036	0.9406692779941246	0.9536316285455032	1000	Subclonal_Passengers	0.4
213	6	1000-3000	232442	366	0.9530010108255004	0.9630232981080028	0.974412786141154	3000	Subclonal_Passengers	0.4
214	7	3000-10000	160684	75	0.8913101837788421	0.9066426311589552	0.9195657111863432	10000	Subclonal_Passengers	0.4
215	8	10000-30000	139790	32	0.8460595644079665	0.8630889177654459	0.8770654682541098	30000	Subclonal_Passengers	0.4
0	0	1-3	155	82	0.4358396752917301	0.5612402709305189	0.8588729137905877	1	Passengers	0.5
1	1	3-10	2796	425	0.8884566431451283	0.9783446506753432	1.1076894764914762	3	Passengers	0.5
2	2	10-30	32763	1718	0.9626664547917166	0.9964448449602198	1.0367796426808844	10	Passengers	0.5
3	3	30-100	224189	3956	0.959597633614132	0.9731605639417078	0.9852820041396096	30	Passengers	0.5
4	4	100-300	395287	2449	0.9233313007277508	0.9318487442164824	0.9414016610750776	100	Passengers	0.5
5	5	300-1000	594031	1170	0.9269969686043932	0.9323555101331	0.9385236642378252	300	Passengers	0.5
6	6	1000-3000	582717	378	0.9329867102594778	0.9412890825161826	0.9484685460427696	1000	Passengers	0.5
7	7	3000-10000	390588	75	0.8929762631079851	0.9015202950736536	0.9104469102590416	3000	Passengers	0.5
8	8	10000-30000	457592	34	0.8500658209067801	0.8597234586538544	0.8672951062744649	10000	Passengers	0.5
9	0	1-3	155	82	0.4358396752917301	0.5612402709305189	0.8588729137905877	3	Passengers	0.5
10	1	3-10	2796	425	0.8884566431451283	0.9783446506753432	1.1076894764914762	10	Passengers	0.5
11	2	10-30	32763	1718	0.9626664547917166	0.9964448449602198	1.0367796426808844	30	Passengers	0.5
12	3	30-100	224189	3956	0.959597633614132	0.9731605639417078	0.9852820041396096	100	Passengers	0.5
13	4	100-300	395287	2449	0.9233313007277508	0.9318487442164824	0.9414016610750776	300	Passengers	0.5
14	5	300-1000	594031	1170	0.9269969686043932	0.9323555101331	0.9385236642378252	1000	Passengers	0.5
15	6	1000-3000	582717	378	0.9329867102594778	0.9412890825161826	0.9484685460427696	3000	Passengers	0.5
16	7	3000-10000	390588	75	0.8929762631079851	0.9015202950736536	0.9104469102590416	10000	Passengers	0.5
17	8	10000-30000	457592	34	0.8500658209067801	0.8597234586538544	0.8672951062744649	30000	Passengers	0.5
18	0	1-3	13	13	0.7488151658767771	2.7398615232443126	inf	1	Drivers	0.5
19	1	3-10	326	244	3.5163892307360145	4.917175282798798	7.450849504096594	3	Drivers	0.5
20	2	10-30	2537	1285	2.4980116409967104	2.794507912429053	3.0947496916656574	10	Drivers	0.5
21	3	30-100	12459	3684	1.8872559576061745	1.9767355725056208	2.0796904116720847	30	Drivers	0.5
22	4	100-300	16974	2439	1.4351588158783588	1.485042876041474	1.547753168201032	100	Drivers	0.5
23	5	300-1000	20739	1170	1.2285739638554063	1.2677772962344809	1.3000139278675258	300	Drivers	0.5
24	6	1000-3000	18406	378	1.0783882249366097	1.113972307110511	1.142928744516501	1000	Drivers	0.5
25	7	3000-10000	11579	75	0.9640207902375441	1.0037137889453045	1.0410599162619447	3000	Drivers	0.5
26	8	10000-30000	14195	34	0.9098484711854642	0.9440617839571352	0.975494256755677	10000	Drivers	0.5
27	0	1-3	13	13	0.7488151658767771	2.7398615232443126	inf	3	Drivers	0.5
28	1	3-10	326	244	3.5163892307360145	4.917175282798798	7.450849504096594	10	Drivers	0.5
29	2	10-30	2537	1285	2.4980116409967104	2.794507912429053	3.0947496916656574	30	Drivers	0.5
30	3	30-100	12459	3684	1.8872559576061745	1.9767355725056208	2.0796904116720847	100	Drivers	0.5
31	4	100-300	16974	2439	1.4351588158783588	1.485042876041474	1.547753168201032	300	Drivers	0.5
32	5	300-1000	20739	1170	1.2285739638554063	1.2677772962344809	1.3000139278675258	1000	Drivers	0.5
33	6	1000-3000	18406	378	1.0783882249366097	1.113972307110511	1.142928744516501	3000	Drivers	0.5
34	7	3000-10000	11579	75	0.9640207902375441	1.0037137889453045	1.0410599162619447	10000	Drivers	0.5
35	8	10000-30000	14195	34	0.9098484711854642	0.9440617839571352	0.975494256755677	30000	Drivers	0.5
36	0	1-3	3	3	0.0	0.4788732394366198	inf	1	Clonal_Drivers	0.5
37	1	3-10	110	94	4.608333333333333	9.277296360485268	inf	3	Clonal_Drivers	0.5
38	2	10-30	1008	704	3.584808493473368	4.518974669398396	5.739020448317054	10	Clonal_Drivers	0.5
39	3	30-100	5685	2793	2.703417233108492	2.9094890175198453	3.1775385271846983	30	Clonal_Drivers	0.5
40	4	100-300	7723	2176	1.7338604148112369	1.8365563662352604	1.9600262692228951	100	Clonal_Drivers	0.5
41	5	300-1000	8877	1102	1.3727506438671848	1.4337936151070465	1.4983098690127543	300	Clonal_Drivers	0.5
42	6	1000-3000	6755	361	1.1093099328133342	1.1698821588219286	1.2405295190621222	1000	Clonal_Drivers	0.5
43	7	3000-10000	3923	75	0.9293885946534541	1.0113731367518586	1.0914771177057685	3000	Clonal_Drivers	0.5
44	8	10000-30000	5153	32	0.9130347703238176	0.974594108716251	1.0405632144594277	10000	Clonal_Drivers	0.5
45	0	1-3	3	3	0.0	0.4788732394366198	inf	3	Clonal_Drivers	0.5
46	1	3-10	110	94	4.608333333333333	9.277296360485268	inf	10	Clonal_Drivers	0.5
47	2	10-30	1008	704	3.584808493473368	4.518974669398396	5.739020448317054	30	Clonal_Drivers	0.5
48	3	30-100	5685	2793	2.703417233108492	2.9094890175198453	3.1775385271846983	100	Clonal_Drivers	0.5
49	4	100-300	7723	2176	1.7338604148112369	1.8365563662352604	1.9600262692228951	300	Clonal_Drivers	0.5
50	5	300-1000	8877	1102	1.3727506438671848	1.4337936151070465	1.4983098690127543	1000	Clonal_Drivers	0.5
51	6	1000-3000	6755	361	1.1093099328133342	1.1698821588219286	1.2405295190621222	3000	Clonal_Drivers	0.5
52	7	3000-10000	3923	75	0.9293885946534541	1.0113731367518586	1.0914771177057685	10000	Clonal_Drivers	0.5
53	8	10000-30000	5153	32	0.9130347703238176	0.974594108716251	1.0405632144594277	30000	Clonal_Drivers	0.5
54	0	1-3	10	10	1.1561236279607163	3.5621890547263684	inf	1	Subclonal_Drivers	0.5
55	1	3-10	192	162	2.475758935818715	3.7822246738487504	7.0671054962726725	3	Subclonal_Drivers	0.5
56	2	10-30	1404	901	1.8871887629652655	2.1780795491531992	2.482686591775309	10	Subclonal_Drivers	0.5
57	3	30-100	6404	2962	1.400376563643911	1.4908603244285308	1.5868809045765049	30	Subclonal_Drivers	0.5
58	4	100-300	8636	2205	1.1944066475071358	1.2609951379019222	1.3133329893549437	100	Subclonal_Drivers	0.5
59	5	300-1000	11114	1123	1.1185126050400402	1.1614388946581953	1.2036632779858902	300	Subclonal_Drivers	0.5
60	6	1000-3000	11026	366	1.0351778316045308	1.0773106046721401	1.1300463113274082	1000	Subclonal_Drivers	0.5
61	7	3000-10000	7656	75	0.9498285057140136	1.0014972646603768	1.0510168686606227	3000	Subclonal_Drivers	0.5
62	8	10000-30000	8282	32	0.881242936141858	0.9228527132561696	0.9667119129102054	10000	Subclonal_Drivers	0.5
63	0	1-3	10	10	1.1561236279607163	3.5621890547263684	inf	3	Subclonal_Drivers	0.5
64	1	3-10	192	162	2.475758935818715	3.7822246738487504	7.0671054962726725	10	Subclonal_Drivers	0.5
65	2	10-30	1404	901	1.8871887629652655	2.1780795491531992	2.482686591775309	30	Subclonal_Drivers	0.5
66	3	30-100	6404	2962	1.400376563643911	1.4908603244285308	1.5868809045765049	100	Subclonal_Drivers	0.5
67	4	100-300	8636	2205	1.1944066475071358	1.2609951379019222	1.3133329893549437	300	Subclonal_Drivers	0.5
68	5	300-1000	11114	1123	1.1185126050400402	1.1614388946581953	1.2036632779858902	1000	Subclonal_Drivers	0.5
69	6	1000-3000	11026	366	1.0351778316045308	1.0773106046721401	1.1300463113274082	3000	Subclonal_Drivers	0.5
70	7	3000-10000	7656	75	0.9498285057140136	1.0014972646603768	1.0510168686606227	10000	Subclonal_Drivers	0.5
71	8	10000-30000	8282	32	0.881242936141858	0.9228527132561696	0.9667119129102054	30000	Subclonal_Drivers	0.5
72	0	1-3	21	16	0.3456104335225215	0.8196902654867256	3.6295620437956204	1	Clonal_Passengers	0.5
73	1	3-10	512	229	0.8167382776013451	1.0185741088180114	1.3002763183980968	3	Clonal_Passengers	0.5
74	2	10-30	7971	1474	0.8830643170811396	0.9490728010462826	1.0111087433194168	10	Clonal_Passengers	0.5
75	3	30-100	68717	3796	0.9538211279743422	0.9732515821522107	0.9996351408037164	30	Clonal_Passengers	0.5
76	4	100-300	140558	2345	0.9233436565274142	0.9394630633644114	0.9554232791816232	100	Clonal_Passengers	0.5
77	5	300-1000	228204	1123	0.9172254444874466	0.9286103034038596	0.93814619287573	300	Clonal_Passengers	0.5
78	6	1000-3000	207489	367	0.914565942526371	0.9277870041383418	0.9377654498095224	1000	Clonal_Passengers	0.5
79	7	3000-10000	129787	75	0.8935471018524364	0.905808302815798	0.9200346555743958	3000	Clonal_Passengers	0.5
80	8	10000-30000	162089	32	0.8436800308226863	0.8568248110413035	0.8677623116574433	10000	Clonal_Passengers	0.5
81	0	1-3	21	16	0.3456104335225215	0.8196902654867256	3.6295620437956204	3	Clonal_Passengers	0.5
82	1	3-10	512	229	0.8167382776013451	1.0185741088180114	1.3002763183980968	10	Clonal_Passengers	0.5
83	2	10-30	7971	1474	0.8830643170811396	0.9490728010462826	1.0111087433194168	30	Clonal_Passengers	0.5
84	3	30-100	68717	3796	0.9538211279743422	0.9732515821522107	0.9996351408037164	100	Clonal_Passengers	0.5
85	4	100-300	140558	2345	0.9233436565274142	0.9394630633644114	0.9554232791816232	300	Clonal_Passengers	0.5
86	5	300-1000	228204	1123	0.9172254444874466	0.9286103034038596	0.93814619287573	1000	Clonal_Passengers	0.5
87	6	1000-3000	207489	367	0.914565942526371	0.9277870041383418	0.9377654498095224	3000	Clonal_Passengers	0.5
88	7	3000-10000	129787	75	0.8935471018524364	0.905808302815798	0.9200346555743958	10000	Clonal_Passengers	0.5
89	8	10000-30000	162089	32	0.8436800308226863	0.8568248110413035	0.8677623116574433	30000	Clonal_Passengers	0.5
90	0	1-3	99	60	0.2917509986684421	0.5201541817312577	0.9241055011775384	1	Subclonal_Passengers	0.5
91	1	3-10	1939	373	0.8548044378480188	0.9714760507026156	1.086942479988279	3	Subclonal_Passengers	0.5
92	2	10-30	22943	1616	0.9801975869162104	1.015654530125087	1.0556609979280525	10	Subclonal_Passengers	0.5
93	3	30-100	149073	3836	0.9612894412482448	0.9745262946235446	0.9904295158435684	30	Subclonal_Passengers	0.5
94	4	100-300	239865	2354	0.9163520885595428	0.930277827811202	0.9404268023085388	100	Subclonal_Passengers	0.5
95	5	300-1000	344512	1127	0.9240344192706802	0.9340133754311142	0.9407348352207175	300	Subclonal_Passengers	0.5
96	6	1000-3000	357246	367	0.9394205576020626	0.9478991975836556	0.9572622025363396	1000	Subclonal_Passengers	0.5
97	7	3000-10000	260801	75	0.8905389509659227	0.8993862676173084	0.9094295299911732	3000	Subclonal_Passengers	0.5
98	8	10000-30000	270745	32	0.8525243769097839	0.8608533751586918	0.8718893052271279	10000	Subclonal_Passengers	0.5
99	0	1-3	99	60	0.2917509986684421	0.5201541817312577	0.9241055011775384	3	Subclonal_Passengers	0.5
100	1	3-10	1939	373	0.8548044378480188	0.9714760507026156	1.086942479988279	10	Subclonal_Passengers	0.5
101	2	10-30	22943	1616	0.9801975869162104	1.015654530125087	1.0556609979280525	30	Subclonal_Passengers	0.5
102	3	30-100	149073	3836	0.9612894412482448	0.9745262946235446	0.9904295158435684	100	Subclonal_Passengers	0.5
103	4	100-300	239865	2354	0.9163520885595428	0.930277827811202	0.9404268023085388	300	Subclonal_Passengers	0.5
104	5	300-1000	344512	1127	0.9240344192706802	0.9340133754311142	0.9407348352207175	1000	Subclonal_Passengers	0.5
105	6	1000-3000	357246	367	0.9394205576020626	0.9478991975836556	0.9572622025363396	3000	Subclonal_Passengers	0.5
106	7	3000-10000	260801	75	0.8905389509659227	0.8993862676173084	0.9094295299911732	10000	Subclonal_Passengers	0.5
107	8	10000-30000	270745	32	0.8525243769097839	0.8608533751586918	0.8718893052271279	30000	Subclonal_Passengers	0.5
108	0	1-3	155	82	0.4358396752917301	0.5612402709305189	0.8588729137905877	1	Passengers	0.6
109	1	3-10	2796	425	0.8884566431451283	0.9783446506753432	1.1076894764914762	3	Passengers	0.6
110	2	10-30	32763	1718	0.9626664547917166	0.9964448449602198	1.0367796426808844	10	Passengers	0.6
111	3	30-100	224189	3956	0.959597633614132	0.9731605639417078	0.9852820041396096	30	Passengers	0.6
112	4	100-300	395287	2449	0.9233313007277508	0.9318487442164824	0.9414016610750776	100	Passengers	0.6
113	5	300-1000	594031	1170	0.9269969686043932	0.9323555101331	0.9385236642378252	300	Passengers	0.6
114	6	1000-3000	582717	378	0.9329867102594778	0.9412890825161826	0.9484685460427696	1000	Passengers	0.6
115	7	3000-10000	390588	75	0.8929762631079851	0.9015202950736536	0.9104469102590416	3000	Passengers	0.6
116	8	10000-30000	457592	34	0.8500658209067801	0.8597234586538544	0.8672951062744649	10000	Passengers	0.6
117	0	1-3	155	82	0.4358396752917301	0.5612402709305189	0.8588729137905877	3	Passengers	0.6
118	1	3-10	2796	425	0.8884566431451283	0.9783446506753432	1.1076894764914762	10	Passengers	0.6
119	2	10-30	32763	1718	0.9626664547917166	0.9964448449602198	1.0367796426808844	30	Passengers	0.6
120	3	30-100	224189	3956	0.959597633614132	0.9731605639417078	0.9852820041396096	100	Passengers	0.6
121	4	100-300	395287	2449	0.9233313007277508	0.9318487442164824	0.9414016610750776	300	Passengers	0.6
122	5	300-1000	594031	1170	0.9269969686043932	0.9323555101331	0.9385236642378252	1000	Passengers	0.6
123	6	1000-3000	582717	378	0.9329867102594778	0.9412890825161826	0.9484685460427696	3000	Passengers	0.6
124	7	3000-10000	390588	75	0.8929762631079851	0.9015202950736536	0.9104469102590416	10000	Passengers	0.6
125	8	10000-30000	457592	34	0.8500658209067801	0.8597234586538544	0.8672951062744649	30000	Passengers	0.6
126	0	1-3	13	13	0.7488151658767771	2.7398615232443126	inf	1	Drivers	0.6
127	1	3-10	326	244	3.5163892307360145	4.917175282798798	7.450849504096594	3	Drivers	0.6
128	2	10-30	2537	1285	2.4980116409967104	2.794507912429053	3.0947496916656574	10	Drivers	0.6
129	3	30-100	12459	3684	1.8872559576061745	1.9767355725056208	2.0796904116720847	30	Drivers	0.6
130	4	100-300	16974	2439	1.4351588158783588	1.485042876041474	1.547753168201032	100	Drivers	0.6
131	5	300-1000	20739	1170	1.2285739638554063	1.2677772962344809	1.3000139278675258	300	Drivers	0.6
132	6	1000-3000	18406	378	1.0783882249366097	1.113972307110511	1.142928744516501	1000	Drivers	0.6
133	7	3000-10000	11579	75	0.9640207902375441	1.0037137889453045	1.0410599162619447	3000	Drivers	0.6
134	8	10000-30000	14195	34	0.9098484711854642	0.9440617839571352	0.975494256755677	10000	Drivers	0.6
135	0	1-3	13	13	0.7488151658767771	2.7398615232443126	inf	3	Drivers	0.6
136	1	3-10	326	244	3.5163892307360145	4.917175282798798	7.450849504096594	10	Drivers	0.6
137	2	10-30	2537	1285	2.4980116409967104	2.794507912429053	3.0947496916656574	30	Drivers	0.6
138	3	30-100	12459	3684	1.8872559576061745	1.9767355725056208	2.0796904116720847	100	Drivers	0.6
139	4	100-300	16974	2439	1.4351588158783588	1.485042876041474	1.547753168201032	300	Drivers	0.6
140	5	300-1000	20739	1170	1.2285739638554063	1.2677772962344809	1.3000139278675258	1000	Drivers	0.6
141	6	1000-3000	18406	378	1.0783882249366097	1.113972307110511	1.142928744516501	3000	Drivers	0.6
142	7	3000-10000	11579	75	0.9640207902375441	1.0037137889453045	1.0410599162619447	10000	Drivers	0.6
143	8	10000-30000	14195	34	0.9098484711854642	0.9440617839571352	0.975494256755677	30000	Drivers	0.6
144	0	1-3	3	3	0.0	0.4788732394366198	inf	1	Clonal_Drivers	0.6
145	1	3-10	63	59	3.1530434782608694	7.2242249459264585	inf	3	Clonal_Drivers	0.6
146	2	10-30	599	452	3.786555678983	5.073270538596501	7.157758742493818	10	Clonal_Drivers	0.6
147	3	30-100	3947	2295	3.1483677092624744	3.4950118876718634	3.9324760134087113	30	Clonal_Drivers	0.6
148	4	100-300	5641	1984	1.8779744645522267	1.9765654889398268	2.141807443384874	100	Clonal_Drivers	0.6
149	5	300-1000	5932	1061	1.3706605635216806	1.461557668128422	1.5499443872243632	300	Clonal_Drivers	0.6
150	6	1000-3000	3898	358	1.125899942779683	1.1735259659438502	1.2471695023406308	1000	Clonal_Drivers	0.6
151	7	3000-10000	1844	75	0.9701766816561576	1.0616045660937174	1.1470979003836328	3000	Clonal_Drivers	0.6
152	8	10000-30000	1947	32	0.8770809630870289	0.9868855817752349	1.1007761422875846	10000	Clonal_Drivers	0.6
153	0	1-3	3	3	0.0	0.4788732394366198	inf	3	Clonal_Drivers	0.6
154	1	3-10	63	59	3.1530434782608694	7.2242249459264585	inf	10	Clonal_Drivers	0.6
155	2	10-30	599	452	3.786555678983	5.073270538596501	7.157758742493818	30	Clonal_Drivers	0.6
156	3	30-100	3947	2295	3.1483677092624744	3.4950118876718634	3.9324760134087113	100	Clonal_Drivers	0.6
157	4	100-300	5641	1984	1.8779744645522267	1.9765654889398268	2.141807443384874	300	Clonal_Drivers	0.6
158	5	300-1000	5932	1061	1.3706605635216806	1.461557668128422	1.5499443872243632	1000	Clonal_Drivers	0.6
159	6	1000-3000	3898	358	1.125899942779683	1.1735259659438502	1.2471695023406308	3000	Clonal_Drivers	0.6
160	7	3000-10000	1844	75	0.9701766816561576	1.0616045660937174	1.1470979003836328	10000	Clonal_Drivers	0.6
161	8	10000-30000	1947	32	0.8770809630870289	0.9868855817752349	1.1007761422875846	30000	Clonal_Drivers	0.6
162	0	1-3	10	10	1.1224489795918366	3.5621890547263684	inf	1	Subclonal_Drivers	0.6
163	1	3-10	239	190	2.6633570625702507	4.438968380144852	8.717856067449564	3	Subclonal_Drivers	0.6
164	2	10-30	1813	1068	2.1095410655103994	2.4544951654143485	2.7831835395937885	10	Subclonal_Drivers	0.6
165	3	30-100	8142	3215	1.5240559783843224	1.5889474258201022	1.6871764639113318	30	Subclonal_Drivers	0.6
166	4	100-300	10718	2274	1.2575536110221952	1.30770230400236	1.3540637991098263	100	Subclonal_Drivers	0.6
167	5	300-1000	14059	1127	1.1651547489883505	1.202381753460122	1.245823224028777	300	Subclonal_Drivers	0.6
168	6	1000-3000	13883	367	1.0544948514444894	1.094446127347558	1.138636005897605	1000	Subclonal_Drivers	0.6
169	7	3000-10000	9735	75	0.9527421606257768	0.9929593649005491	1.0394498576123294	3000	Subclonal_Drivers	0.6
170	8	10000-30000	11488	32	0.8942807206338217	0.9347086882201426	0.9752535348353009	10000	Subclonal_Drivers	0.6
171	0	1-3	10	10	1.1224489795918366	3.5621890547263684	inf	3	Subclonal_Drivers	0.6
172	1	3-10	239	190	2.6633570625702507	4.438968380144852	8.717856067449564	10	Subclonal_Drivers	0.6
173	2	10-30	1813	1068	2.1095410655103994	2.4544951654143485	2.7831835395937885	30	Subclonal_Drivers	0.6
174	3	30-100	8142	3215	1.5240559783843224	1.5889474258201022	1.6871764639113318	100	Subclonal_Drivers	0.6
175	4	100-300	10718	2274	1.2575536110221952	1.30770230400236	1.3540637991098263	300	Subclonal_Drivers	0.6
176	5	300-1000	14059	1127	1.1651547489883505	1.202381753460122	1.245823224028777	1000	Subclonal_Drivers	0.6
177	6	1000-3000	13883	367	1.0544948514444894	1.094446127347558	1.138636005897605	3000	Subclonal_Drivers	0.6
178	7	3000-10000	9735	75	0.9527421606257768	0.9929593649005491	1.0394498576123294	10000	Subclonal_Drivers	0.6
179	8	10000-30000	11488	32	0.8942807206338217	0.9347086882201426	0.9752535348353009	30000	Subclonal_Drivers	0.6
180	0	1-3	13	11	0.14204545454545456	0.4842767295597484	1.7449275362318841	1	Clonal_Passengers	0.6
181	1	3-10	239	139	0.7578662510474992	1.0528828292145485	1.4440793334115714	3	Clonal_Passengers	0.6
182	2	10-30	3954	1173	0.8742374026519517	0.9524248164925484	1.0601754210711194	10	Clonal_Passengers	0.6
183	3	30-100	37769	3686	0.942577149856144	0.9664210840781601	0.9948667185391008	30	Clonal_Passengers	0.6
184	4	100-300	90260	2337	0.9211344311669726	0.9371632276863558	0.9547497877752876	100	Clonal_Passengers	0.6
185	5	300-1000	145224	1122	0.9159302166256276	0.927050298906642	0.9399913415934884	300	Clonal_Passengers	0.6
186	6	1000-3000	115840	366	0.9118304290848496	0.924914264869065	0.9384542905349122	1000	Clonal_Passengers	0.6
187	7	3000-10000	59566	75	0.8788935027150381	0.8988371789190902	0.9174284922236372	3000	Clonal_Passengers	0.6
188	8	10000-30000	60534	32	0.8583931085883155	0.8810853759293366	0.9101145126517228	10000	Clonal_Passengers	0.6
189	0	1-3	13	11	0.14204545454545456	0.4842767295597484	1.7449275362318841	3	Clonal_Passengers	0.6
190	1	3-10	239	139	0.7578662510474992	1.0528828292145485	1.4440793334115714	10	Clonal_Passengers	0.6
191	2	10-30	3954	1173	0.8742374026519517	0.9524248164925484	1.0601754210711194	30	Clonal_Passengers	0.6
192	3	30-100	37769	3686	0.942577149856144	0.9664210840781601	0.9948667185391008	100	Clonal_Passengers	0.6
193	4	100-300	90260	2337	0.9211344311669726	0.9371632276863558	0.9547497877752876	300	Clonal_Passengers	0.6
194	5	300-1000	145224	1122	0.9159302166256276	0.927050298906642	0.9399913415934884	1000	Clonal_Passengers	0.6
195	6	1000-3000	115840	366	0.9118304290848496	0.924914264869065	0.9384542905349122	3000	Clonal_Passengers	0.6
196	7	3000-10000	59566	75	0.8788935027150381	0.8988371789190902	0.9174284922236372	10000	Clonal_Passengers	0.6
197	8	10000-30000	60534	32	0.8583931085883155	0.8810853759293366	0.9101145126517228	30000	Clonal_Passengers	0.6
198	0	1-3	107	61	0.36434974283614985	0.5876751678278395	1.0245124593716144	1	Subclonal_Passengers	0.6
199	1	3-10	2212	375	0.8659778399910244	0.9736300829639588	1.0932992603580265	3	Subclonal_Passengers	0.6
200	2	10-30	26960	1616	0.9760192567941758	1.0047451317942142	1.0428037986083196	10	Subclonal_Passengers	0.6
201	3	30-100	180021	3836	0.9585285960668344	0.9756936902116052	0.9909121134809338	30	Subclonal_Passengers	0.6
202	4	100-300	290163	2354	0.92399139965853	0.9326159137468713	0.944568319896606	100	Subclonal_Passengers	0.6
203	5	300-1000	427492	1127	0.9264397730029426	0.9334583829675984	0.9391086090318512	300	Subclonal_Passengers	0.6
204	6	1000-3000	448895	367	0.936275158358881	0.9445435164570978	0.9529794081060836	1000	Subclonal_Passengers	0.6
205	7	3000-10000	331022	75	0.8909920955988857	0.9017013671969158	0.9105921937502416	3000	Subclonal_Passengers	0.6
206	8	10000-30000	372300	32	0.8460548911160782	0.8557087606987827	0.8652645334037726	10000	Subclonal_Passengers	0.6
207	0	1-3	107	61	0.36434974283614985	0.5876751678278395	1.0245124593716144	3	Subclonal_Passengers	0.6
208	1	3-10	2212	375	0.8659778399910244	0.9736300829639588	1.0932992603580265	10	Subclonal_Passengers	0.6
209	2	10-30	26960	1616	0.9760192567941758	1.0047451317942142	1.0428037986083196	30	Subclonal_Passengers	0.6
210	3	30-100	180021	3836	0.9585285960668344	0.9756936902116052	0.9909121134809338	100	Subclonal_Passengers	0.6
211	4	100-300	290163	2354	0.92399139965853	0.9326159137468713	0.944568319896606	300	Subclonal_Passengers	0.6
212	5	300-1000	427492	1127	0.9264397730029426	0.9334583829675984	0.9391086090318512	1000	Subclonal_Passengers	0.6
213	6	1000-3000	448895	367	0.936275158358881	0.9445435164570978	0.9529794081060836	3000	Subclonal_Passengers	0.6
214	7	3000-10000	331022	75	0.8909920955988857	0.9017013671969158	0.9105921937502416	10000	Subclonal_Passengers	0.6
215	8	10000-30000	372300	32	0.8460548911160782	0.8557087606987827	0.8652645334037726	30000	Subclonal_Passengers	0.6
0	0	1-3	155	82	0.3659431063534543	0.5612402709305189	0.9826960246565324	1	Passengers	0.7
1	1	3-10	2796	425	0.8588718962535618	0.9783446506753432	1.0706210912181964	3	Passengers	0.7
2	2	10-30	32763	1718	0.9607563377255371	0.9964448449602198	1.0292156696961559	10	Passengers	0.7
3	3	30-100	224189	3956	0.9608029011924364	0.9731605639417078	0.9869121353095296	30	Passengers	0.7
4	4	100-300	395287	2449	0.9218508148206256	0.9318487442164824	0.94122114224012	100	Passengers	0.7
5	5	300-1000	594031	1170	0.9257832285850862	0.9323555101331	0.9390525465290736	300	Passengers	0.7
6	6	1000-3000	582717	378	0.9361095446646848	0.9412890825161826	0.947824971598119	1000	Passengers	0.7
7	7	3000-10000	390588	75	0.8933789140086817	0.9015202950736536	0.9095357156583754	3000	Passengers	0.7
8	8	10000-30000	457592	34	0.8517279075604551	0.8597234586538544	0.8678181236887954	10000	Passengers	0.7
9	0	1-3	155	82	0.3659431063534543	0.5612402709305189	0.9826960246565324	3	Passengers	0.7
10	1	3-10	2796	425	0.8588718962535618	0.9783446506753432	1.0706210912181964	10	Passengers	0.7
11	2	10-30	32763	1718	0.9607563377255371	0.9964448449602198	1.0292156696961559	30	Passengers	0.7
12	3	30-100	224189	3956	0.9608029011924364	0.9731605639417078	0.9869121353095296	100	Passengers	0.7
13	4	100-300	395287	2449	0.9218508148206256	0.9318487442164824	0.94122114224012	300	Passengers	0.7
14	5	300-1000	594031	1170	0.9257832285850862	0.9323555101331	0.9390525465290736	1000	Passengers	0.7
15	6	1000-3000	582717	378	0.9361095446646848	0.9412890825161826	0.947824971598119	3000	Passengers	0.7
16	7	3000-10000	390588	75	0.8933789140086817	0.9015202950736536	0.9095357156583754	10000	Passengers	0.7
17	8	10000-30000	457592	34	0.8517279075604551	0.8597234586538544	0.8678181236887954	30000	Passengers	0.7
18	0	1-3	13	13	0.6020114942528735	2.7398615232443126	inf	1	Drivers	0.7
19	1	3-10	326	244	3.3272653172123348	4.917175282798798	7.300471996069624	3	Drivers	0.7
20	2	10-30	2537	1285	2.522558372089939	2.794507912429053	3.189764034785948	10	Drivers	0.7
21	3	30-100	12459	3684	1.8679880965134827	1.9767355725056208	2.0845618509968973	30	Drivers	0.7
22	4	100-300	16974	2439	1.4194925782204346	1.485042876041474	1.5329205713881038	100	Drivers	0.7
23	5	300-1000	20739	1170	1.2294852517702717	1.2677772962344809	1.3117447653653915	300	Drivers	0.7
24	6	1000-3000	18406	378	1.0757965168827264	1.113972307110511	1.1490128360654372	1000	Drivers	0.7
25	7	3000-10000	11579	75	0.9571745263726276	1.0037137889453045	1.0449549414654693	3000	Drivers	0.7
26	8	10000-30000	14195	34	0.9141129700756601	0.9440617839571352	0.9768212504692024	10000	Drivers	0.7
27	0	1-3	13	13	0.6020114942528735	2.7398615232443126	inf	3	Drivers	0.7
28	1	3-10	326	244	3.3272653172123348	4.917175282798798	7.300471996069624	10	Drivers	0.7
29	2	10-30	2537	1285	2.522558372089939	2.794507912429053	3.189764034785948	30	Drivers	0.7
30	3	30-100	12459	3684	1.8679880965134827	1.9767355725056208	2.0845618509968973	100	Drivers	0.7
31	4	100-300	16974	2439	1.4194925782204346	1.485042876041474	1.5329205713881038	300	Drivers	0.7
32	5	300-1000	20739	1170	1.2294852517702717	1.2677772962344809	1.3117447653653915	1000	Drivers	0.7
33	6	1000-3000	18406	378	1.0757965168827264	1.113972307110511	1.1490128360654372	3000	Drivers	0.7
34	7	3000-10000	11579	75	0.9571745263726276	1.0037137889453045	1.0449549414654693	10000	Drivers	0.7
35	8	10000-30000	14195	34	0.9141129700756601	0.9440617839571352	0.9768212504692024	30000	Drivers	0.7
36	0	1-3	1	1	inf	inf	inf	1	Clonal_Drivers	0.7
37	1	3-10	30	30	2.7125941872981696	6.4250325945241205	inf	3	Clonal_Drivers	0.7
38	2	10-30	424	342	3.6330965315503554	5.641972818008068	9.651128465443186	10	Clonal_Drivers	0.7
39	3	30-100	2996	1919	3.7747408770491706	4.230770479169151	4.749729685976049	30	Clonal_Drivers	0.7
40	4	100-300	4292	1799	1.9579410576956329	2.1451190403493343	2.3326755556722314	100	Clonal_Drivers	0.7
41	5	300-1000	4271	978	1.410618421820981	1.5087179478797896	1.6620101921512085	300	Clonal_Drivers	0.7
42	6	1000-3000	2536	334	1.133693039037762	1.2549158978097328	1.3696685342702404	1000	Clonal_Drivers	0.7
43	7	3000-10000	966	71	0.9754836879349936	1.0868174891632258	1.26163347217681	3000	Clonal_Drivers	0.7
44	8	10000-30000	685	32	0.9189864450824156	1.1012391217917568	1.357300342272017	10000	Clonal_Drivers	0.7
45	0	1-3	1	1	inf	inf	inf	3	Clonal_Drivers	0.7
46	1	3-10	30	30	2.7125941872981696	6.4250325945241205	inf	10	Clonal_Drivers	0.7
47	2	10-30	424	342	3.6330965315503554	5.641972818008068	9.651128465443186	30	Clonal_Drivers	0.7
48	3	30-100	2996	1919	3.7747408770491706	4.230770479169151	4.749729685976049	100	Clonal_Drivers	0.7
49	4	100-300	4292	1799	1.9579410576956329	2.1451190403493343	2.3326755556722314	300	Clonal_Drivers	0.7
50	5	300-1000	4271	978	1.410618421820981	1.5087179478797896	1.6620101921512085	1000	Clonal_Drivers	0.7
51	6	1000-3000	2536	334	1.133693039037762	1.2549158978097328	1.3696685342702404	3000	Clonal_Drivers	0.7
52	7	3000-10000	966	71	0.9754836879349936	1.0868174891632258	1.26163347217681	10000	Clonal_Drivers	0.7
53	8	10000-30000	685	32	0.9189864450824156	1.1012391217917568	1.357300342272017	30000	Clonal_Drivers	0.7
54	0	1-3	12	12	0.5611111111111111	2.5388198757763973	12.203124999999998	1	Subclonal_Drivers	0.7
55	1	3-10	272	210	3.198165623070818	4.646522028695304	7.661191554693497	3	Subclonal_Drivers	0.7
56	2	10-30	1988	1126	2.275013244722727	2.5683062442238915	2.8611000956487054	10	Subclonal_Drivers	0.7
57	3	30-100	9093	3335	1.5530047777680596	1.6384184387804384	1.7130719556516076	30	Subclonal_Drivers	0.7
58	4	100-300	12067	2301	1.2751509193823685	1.3333362107699152	1.3928117511918834	100	Subclonal_Drivers	0.7
59	5	300-1000	15720	1127	1.179174989169239	1.2169204168194316	1.2583783264351511	300	Subclonal_Drivers	0.7
60	6	1000-3000	15245	367	1.0522956811445976	1.0894990963551179	1.1178807860554534	1000	Subclonal_Drivers	0.7
61	7	3000-10000	10613	75	0.9528298294560044	0.995912342333159	1.036532665300272	3000	Subclonal_Drivers	0.7
62	8	10000-30000	12750	32	0.8990925532076627	0.9344574644904656	0.9646103762586348	10000	Subclonal_Drivers	0.7
63	0	1-3	12	12	0.5611111111111111	2.5388198757763973	12.203124999999998	3	Subclonal_Drivers	0.7
64	1	3-10	272	210	3.198165623070818	4.646522028695304	7.661191554693497	10	Subclonal_Drivers	0.7
65	2	10-30	1988	1126	2.275013244722727	2.5683062442238915	2.8611000956487054	30	Subclonal_Drivers	0.7
66	3	30-100	9093	3335	1.5530047777680596	1.6384184387804384	1.7130719556516076	100	Subclonal_Drivers	0.7
67	4	100-300	12067	2301	1.2751509193823685	1.3333362107699152	1.3928117511918834	300	Subclonal_Drivers	0.7
68	5	300-1000	15720	1127	1.179174989169239	1.2169204168194316	1.2583783264351511	1000	Subclonal_Drivers	0.7
69	6	1000-3000	15245	367	1.0522956811445976	1.0894990963551179	1.1178807860554534	3000	Subclonal_Drivers	0.7
70	7	3000-10000	10613	75	0.9528298294560044	0.995912342333159	1.036532665300272	10000	Subclonal_Drivers	0.7
71	8	10000-30000	12750	32	0.8990925532076627	0.9344574644904656	0.9646103762586348	30000	Subclonal_Drivers	0.7
72	0	1-3	5	4	0.020761245674740483	0.6495726495726497	inf	1	Clonal_Passengers	0.7
73	1	3-10	125	79	0.6517249899983527	0.8976143141153081	1.467167841042314	3	Clonal_Passengers	0.7
74	2	10-30	2240	882	0.8908315595832784	0.9913034451744416	1.1067745459728449	10	Clonal_Passengers	0.7
75	3	30-100	23362	3427	0.9288001497817236	0.9672228344999071	1.0040230676908133	30	Clonal_Passengers	0.7
76	4	100-300	60524	2317	0.9037456180251372	0.9269111968187504	0.949804395672274	100	Clonal_Passengers	0.7
77	5	300-1000	96899	1118	0.9253238870627842	0.9429267793678942	0.9615450662872218	300	Clonal_Passengers	0.7
78	6	1000-3000	70959	364	0.9055167028461752	0.9242433979278126	0.9458131539751382	1000	Clonal_Passengers	0.7
79	7	3000-10000	29228	75	0.8708208560249461	0.8927756468840929	0.93032422134789	3000	Clonal_Passengers	0.7
80	8	10000-30000	21425	32	0.8129292286930163	0.8567618482777584	0.8922639256259688	10000	Clonal_Passengers	0.7
81	0	1-3	5	4	0.020761245674740483	0.6495726495726497	inf	3	Clonal_Passengers	0.7
82	1	3-10	125	79	0.6517249899983527	0.8976143141153081	1.467167841042314	10	Clonal_Passengers	0.7
83	2	10-30	2240	882	0.8908315595832784	0.9913034451744416	1.1067745459728449	30	Clonal_Passengers	0.7
84	3	30-100	23362	3427	0.9288001497817236	0.9672228344999071	1.0040230676908133	100	Clonal_Passengers	0.7
85	4	100-300	60524	2317	0.9037456180251372	0.9269111968187504	0.949804395672274	300	Clonal_Passengers	0.7
86	5	300-1000	96899	1118	0.9253238870627842	0.9429267793678942	0.9615450662872218	1000	Clonal_Passengers	0.7
87	6	1000-3000	70959	364	0.9055167028461752	0.9242433979278126	0.9458131539751382	3000	Clonal_Passengers	0.7
88	7	3000-10000	29228	75	0.8708208560249461	0.8927756468840929	0.93032422134789	10000	Clonal_Passengers	0.7
89	8	10000-30000	21425	32	0.8129292286930163	0.8567618482777584	0.8922639256259688	30000	Clonal_Passengers	0.7
90	0	1-3	115	62	0.3137334446403782	0.5732215603710931	0.931173285198556	1	Subclonal_Passengers	0.7
91	1	3-10	2326	375	0.8758630659440398	0.9847256860066421	1.0948733299259163	3	Subclonal_Passengers	0.7
92	2	10-30	28674	1616	0.961480172160358	0.9986445124985872	1.0362561902431056	10	Subclonal_Passengers	0.7
93	3	30-100	194428	3836	0.9619139316017729	0.9748267902441171	0.9899675444770228	30	Subclonal_Passengers	0.7
94	4	100-300	319899	2354	0.9271297642868116	0.9348070690033408	0.9443665520992122	100	Subclonal_Passengers	0.7
95	5	300-1000	475817	1127	0.9221290516353507	0.9296068362858818	0.9378496979253468	300	Subclonal_Passengers	0.7
96	6	1000-3000	493776	367	0.9353675579332638	0.9428538790390464	0.9512241413243828	1000	Subclonal_Passengers	0.7
97	7	3000-10000	361360	75	0.8936726535477783	0.9023529153849862	0.9114722315999652	3000	Subclonal_Passengers	0.7
98	8	10000-30000	411409	32	0.8505722849300288	0.8594026441460709	0.8692016559473132	10000	Subclonal_Passengers	0.7
99	0	1-3	115	62	0.3137334446403782	0.5732215603710931	0.931173285198556	3	Subclonal_Passengers	0.7
100	1	3-10	2326	375	0.8758630659440398	0.9847256860066421	1.0948733299259163	10	Subclonal_Passengers	0.7
101	2	10-30	28674	1616	0.961480172160358	0.9986445124985872	1.0362561902431056	30	Subclonal_Passengers	0.7
102	3	30-100	194428	3836	0.9619139316017729	0.9748267902441171	0.9899675444770228	100	Subclonal_Passengers	0.7
103	4	100-300	319899	2354	0.9271297642868116	0.9348070690033408	0.9443665520992122	300	Subclonal_Passengers	0.7
104	5	300-1000	475817	1127	0.9221290516353507	0.9296068362858818	0.9378496979253468	1000	Subclonal_Passengers	0.7
105	6	1000-3000	493776	367	0.9353675579332638	0.9428538790390464	0.9512241413243828	3000	Subclonal_Passengers	0.7
106	7	3000-10000	361360	75	0.8936726535477783	0.9023529153849862	0.9114722315999652	10000	Subclonal_Passengers	0.7
107	8	10000-30000	411409	32	0.8505722849300288	0.8594026441460709	0.8692016559473132	30000	Subclonal_Passengers	0.7
108	0	1-3	155	82	0.3659431063534543	0.5612402709305189	0.9826960246565324	1	Passengers	0.7999999999999999
109	1	3-10	2796	425	0.8588718962535618	0.9783446506753432	1.0706210912181964	3	Passengers	0.7999999999999999
110	2	10-30	32763	1718	0.9607563377255371	0.9964448449602198	1.0292156696961559	10	Passengers	0.7999999999999999
111	3	30-100	224189	3956	0.9608029011924364	0.9731605639417078	0.9869121353095296	30	Passengers	0.7999999999999999
112	4	100-300	395287	2449	0.9218508148206256	0.9318487442164824	0.94122114224012	100	Passengers	0.7999999999999999
113	5	300-1000	594031	1170	0.9257832285850862	0.9323555101331	0.9390525465290736	300	Passengers	0.7999999999999999
114	6	1000-3000	582717	378	0.9361095446646848	0.9412890825161826	0.947824971598119	1000	Passengers	0.7999999999999999
115	7	3000-10000	390588	75	0.8933789140086817	0.9015202950736536	0.9095357156583754	3000	Passengers	0.7999999999999999
116	8	10000-30000	457592	34	0.8517279075604551	0.8597234586538544	0.8678181236887954	10000	Passengers	0.7999999999999999
117	0	1-3	155	82	0.3659431063534543	0.5612402709305189	0.9826960246565324	3	Passengers	0.7999999999999999
118	1	3-10	2796	425	0.8588718962535618	0.9783446506753432	1.0706210912181964	10	Passengers	0.7999999999999999
119	2	10-30	32763	1718	0.9607563377255371	0.9964448449602198	1.0292156696961559	30	Passengers	0.7999999999999999
120	3	30-100	224189	3956	0.9608029011924364	0.9731605639417078	0.9869121353095296	100	Passengers	0.7999999999999999
121	4	100-300	395287	2449	0.9218508148206256	0.9318487442164824	0.94122114224012	300	Passengers	0.7999999999999999
122	5	300-1000	594031	1170	0.9257832285850862	0.9323555101331	0.9390525465290736	1000	Passengers	0.7999999999999999
123	6	1000-3000	582717	378	0.9361095446646848	0.9412890825161826	0.947824971598119	3000	Passengers	0.7999999999999999
124	7	3000-10000	390588	75	0.8933789140086817	0.9015202950736536	0.9095357156583754	10000	Passengers	0.7999999999999999
125	8	10000-30000	457592	34	0.8517279075604551	0.8597234586538544	0.8678181236887954	30000	Passengers	0.7999999999999999
126	0	1-3	13	13	0.6020114942528735	2.7398615232443126	inf	1	Drivers	0.7999999999999999
127	1	3-10	326	244	3.3272653172123348	4.917175282798798	7.300471996069624	3	Drivers	0.7999999999999999
128	2	10-30	2537	1285	2.522558372089939	2.794507912429053	3.189764034785948	10	Drivers	0.7999999999999999
129	3	30-100	12459	3684	1.8679880965134827	1.9767355725056208	2.0845618509968973	30	Drivers	0.7999999999999999
130	4	100-300	16974	2439	1.4194925782204346	1.485042876041474	1.5329205713881038	100	Drivers	0.7999999999999999
131	5	300-1000	20739	1170	1.2294852517702717	1.2677772962344809	1.3117447653653915	300	Drivers	0.7999999999999999
132	6	1000-3000	18406	378	1.0757965168827264	1.113972307110511	1.1490128360654372	1000	Drivers	0.7999999999999999
133	7	3000-10000	11579	75	0.9571745263726276	1.0037137889453045	1.0449549414654693	3000	Drivers	0.7999999999999999
134	8	10000-30000	14195	34	0.9141129700756601	0.9440617839571352	0.9768212504692024	10000	Drivers	0.7999999999999999
135	0	1-3	13	13	0.6020114942528735	2.7398615232443126	inf	3	Drivers	0.7999999999999999
136	1	3-10	326	244	3.3272653172123348	4.917175282798798	7.300471996069624	10	Drivers	0.7999999999999999
137	2	10-30	2537	1285	2.522558372089939	2.794507912429053	3.189764034785948	30	Drivers	0.7999999999999999
138	3	30-100	12459	3684	1.8679880965134827	1.9767355725056208	2.0845618509968973	100	Drivers	0.7999999999999999
139	4	100-300	16974	2439	1.4194925782204346	1.485042876041474	1.5329205713881038	300	Drivers	0.7999999999999999
140	5	300-1000	20739	1170	1.2294852517702717	1.2677772962344809	1.3117447653653915	1000	Drivers	0.7999999999999999
141	6	1000-3000	18406	378	1.0757965168827264	1.113972307110511	1.1490128360654372	3000	Drivers	0.7999999999999999
142	7	3000-10000	11579	75	0.9571745263726276	1.0037137889453045	1.0449549414654693	10000	Drivers	0.7999999999999999
143	8	10000-30000	14195	34	0.9141129700756601	0.9440617839571352	0.9768212504692024	30000	Drivers	0.7999999999999999
144	0	1-3	0	0				1	Clonal_Drivers	0.7999999999999999
145	1	3-10	19	19	1.4832041343669249	5.307125307125307	inf	3	Clonal_Drivers	0.7999999999999999
146	2	10-30	322	266	3.4631567590894377	5.965426134219069	11.632390745501285	10	Clonal_Drivers	0.7999999999999999
147	3	30-100	2305	1587	3.673479049404317	4.2690687448089735	4.922463313454013	30	Clonal_Drivers	0.7999999999999999
148	4	100-300	3292	1549	2.1045139570980327	2.3629374342465232	2.5974945821587108	100	Clonal_Drivers	0.7999999999999999
149	5	300-1000	3176	868	1.4882104073134166	1.6162876267391375	1.7715729326000251	300	Clonal_Drivers	0.7999999999999999
150	6	1000-3000	1739	302	1.180839044388888	1.3251558053147408	1.5156750731604383	1000	Clonal_Drivers	0.7999999999999999
151	7	3000-10000	578	63	0.9294993202653872	1.151365031989019	1.3604898721497107	3000	Clonal_Drivers	0.7999999999999999
152	8	10000-30000	293	29	0.8595325501974194	1.078676623107239	1.3895685769478432	10000	Clonal_Drivers	0.7999999999999999
153	0	1-3	0	0				3	Clonal_Drivers	0.7999999999999999
154	1	3-10	19	19	1.4832041343669249	5.307125307125307	inf	10	Clonal_Drivers	0.7999999999999999
155	2	10-30	322	266	3.4631567590894377	5.965426134219069	11.632390745501285	30	Clonal_Drivers	0.7999999999999999
156	3	30-100	2305	1587	3.673479049404317	4.2690687448089735	4.922463313454013	100	Clonal_Drivers	0.7999999999999999
157	4	100-300	3292	1549	2.1045139570980327	2.3629374342465232	2.5974945821587108	300	Clonal_Drivers	0.7999999999999999
158	5	300-1000	3176	868	1.4882104073134166	1.6162876267391375	1.7715729326000251	1000	Clonal_Drivers	0.7999999999999999
159	6	1000-3000	1739	302	1.180839044388888	1.3251558053147408	1.5156750731604383	3000	Clonal_Drivers	0.7999999999999999
160	7	3000-10000	578	63	0.9294993202653872	1.151365031989019	1.3604898721497107	10000	Clonal_Drivers	0.7999999999999999
161	8	10000-30000	293	29	0.8595325501974194	1.078676623107239	1.3895685769478432	30000	Clonal_Drivers	0.7999999999999999
162	0	1-3	13	13	0.8913934426229508	2.7398615232443126	inf	1	Subclonal_Drivers	0.7999999999999999
163	1	3-10	283	217	3.3539707695016734	4.809784240891489	7.587990067096435	3	Subclonal_Drivers	0.7999999999999999
164	2	10-30	2090	1150	2.2785351138186307	2.6256052661723768	2.9681197280676805	10	Subclonal_Drivers	0.7999999999999999
165	3	30-100	9784	3398	1.6281815683536949	1.719932358595749	1.8084753832416145	30	Subclonal_Drivers	0.7999999999999999
166	4	100-300	13067	2311	1.2943658060796033	1.3526329280044496	1.429003323184607	100	Subclonal_Drivers	0.7999999999999999
167	5	300-1000	16815	1127	1.1774473062092223	1.2195192031953608	1.2634065262631633	300	Subclonal_Drivers	0.7999999999999999
168	6	1000-3000	16042	367	1.0496524254970472	1.0908644243440957	1.1266534580693601	1000	Subclonal_Drivers	0.7999999999999999
169	7	3000-10000	11001	75	0.9498630017829726	0.9959863078016791	1.0430798458968544	3000	Subclonal_Drivers	0.7999999999999999
170	8	10000-30000	13142	32	0.9070714629853756	0.9394652564693076	0.9874685722099534	10000	Subclonal_Drivers	0.7999999999999999
171	0	1-3	13	13	0.8913934426229508	2.7398615232443126	inf	3	Subclonal_Drivers	0.7999999999999999
172	1	3-10	283	217	3.3539707695016734	4.809784240891489	7.587990067096435	10	Subclonal_Drivers	0.7999999999999999
173	2	10-30	2090	1150	2.2785351138186307	2.6256052661723768	2.9681197280676805	30	Subclonal_Drivers	0.7999999999999999
174	3	30-100	9784	3398	1.6281815683536949	1.719932358595749	1.8084753832416145	100	Subclonal_Drivers	0.7999999999999999
175	4	100-300	13067	2311	1.2943658060796033	1.3526329280044496	1.429003323184607	300	Subclonal_Drivers	0.7999999999999999
176	5	300-1000	16815	1127	1.1774473062092223	1.2195192031953608	1.2634065262631633	1000	Subclonal_Drivers	0.7999999999999999
177	6	1000-3000	16042	367	1.0496524254970472	1.0908644243440957	1.1266534580693601	3000	Subclonal_Drivers	0.7999999999999999
178	7	3000-10000	11001	75	0.9498630017829726	0.9959863078016791	1.0430798458968544	10000	Subclonal_Drivers	0.7999999999999999
179	8	10000-30000	13142	32	0.9070714629853756	0.9394652564693076	0.9874685722099534	30000	Subclonal_Drivers	0.7999999999999999
180	0	1-3	3	3	0.0	0.9156626506024096	inf	1	Clonal_Passengers	0.7999999999999999
181	1	3-10	72	52	0.4132275225790487	0.7004903563255966	1.310615730337079	3	Clonal_Passengers	0.7999999999999999
182	2	10-30	1427	651	0.9310280777081544	1.0663528054922942	1.2266751172866424	10	Clonal_Passengers	0.7999999999999999
183	3	30-100	14984	3029	0.9204975120128042	0.9660282346560513	1.0144294527371107	30	Clonal_Passengers	0.7999999999999999
184	4	100-300	41026	2272	0.9027249511686888	0.9317239553482392	0.9559159620343921	100	Clonal_Passengers	0.7999999999999999
185	5	300-1000	66248	1101	0.9159736816289972	0.9407308239426332	0.9595007171082912	300	Clonal_Passengers	0.7999999999999999
186	6	1000-3000	46395	364	0.9043730827771008	0.9295137099309738	0.9532298604342871	1000	Clonal_Passengers	0.7999999999999999
187	7	3000-10000	15860	75	0.8435799716755096	0.8755168269723421	0.9110531022013856	3000	Clonal_Passengers	0.7999999999999999
188	8	10000-30000	8893	32	0.7426566347284587	0.8134296910063483	0.8796203338262434	10000	Clonal_Passengers	0.7999999999999999
189	0	1-3	3	3	0.0	0.9156626506024096	inf	3	Clonal_Passengers	0.7999999999999999
190	1	3-10	72	52	0.4132275225790487	0.7004903563255966	1.310615730337079	10	Clonal_Passengers	0.7999999999999999
191	2	10-30	1427	651	0.9310280777081544	1.0663528054922942	1.2266751172866424	30	Clonal_Passengers	0.7999999999999999
192	3	30-100	14984	3029	0.9204975120128042	0.9660282346560513	1.0144294527371107	100	Clonal_Passengers	0.7999999999999999
193	4	100-300	41026	2272	0.9027249511686888	0.9317239553482392	0.9559159620343921	300	Clonal_Passengers	0.7999999999999999
194	5	300-1000	66248	1101	0.9159736816289972	0.9407308239426332	0.9595007171082912	1000	Clonal_Passengers	0.7999999999999999
195	6	1000-3000	46395	364	0.9043730827771008	0.9295137099309738	0.9532298604342871	3000	Clonal_Passengers	0.7999999999999999
196	7	3000-10000	15860	75	0.8435799716755096	0.8755168269723421	0.9110531022013856	10000	Clonal_Passengers	0.7999999999999999
197	8	10000-30000	8893	32	0.7426566347284587	0.8134296910063483	0.8796203338262434	30000	Clonal_Passengers	0.7999999999999999
198	0	1-3	117	63	0.3470252949183303	0.573365829271341	1.0094946537113447	1	Subclonal_Passengers	0.7999999999999999
199	1	3-10	2379	375	0.8956352116364876	0.9916854196119744	1.0918277860733143	3	Subclonal_Passengers	0.7999999999999999
200	2	10-30	29487	1616	0.9632898328562428	0.9947601839389542	1.0266216550032738	10	Subclonal_Passengers	0.7999999999999999
201	3	30-100	202806	3836	0.9584144792936012	0.974585809205146	0.9858019785553171	30	Subclonal_Passengers	0.7999999999999999
202	4	100-300	339397	2354	0.9242699768164806	0.9336997431209182	0.9436726152392316	100	Subclonal_Passengers	0.7999999999999999
203	5	300-1000	506468	1127	0.9242093773880988	0.9306877651488352	0.9397011515822348	300	Subclonal_Passengers	0.7999999999999999
204	6	1000-3000	518340	367	0.9353416873088856	0.9415034751642656	0.9484144860802322	1000	Subclonal_Passengers	0.7999999999999999
205	7	3000-10000	374728	75	0.8933975640295361	0.9029601510899399	0.912962196318732	3000	Subclonal_Passengers	0.7999999999999999
206	8	10000-30000	423941	32	0.8539215143768877	0.8602406184730824	0.869441511373228	10000	Subclonal_Passengers	0.7999999999999999
207	0	1-3	117	63	0.3470252949183303	0.573365829271341	1.0094946537113447	3	Subclonal_Passengers	0.7999999999999999
208	1	3-10	2379	375	0.8956352116364876	0.9916854196119744	1.0918277860733143	10	Subclonal_Passengers	0.7999999999999999
209	2	10-30	29487	1616	0.9632898328562428	0.9947601839389542	1.0266216550032738	30	Subclonal_Passengers	0.7999999999999999
210	3	30-100	202806	3836	0.9584144792936012	0.974585809205146	0.9858019785553171	100	Subclonal_Passengers	0.7999999999999999
211	4	100-300	339397	2354	0.9242699768164806	0.9336997431209182	0.9436726152392316	300	Subclonal_Passengers	0.7999999999999999
212	5	300-1000	506468	1127	0.9242093773880988	0.9306877651488352	0.9397011515822348	1000	Subclonal_Passengers	0.7999999999999999
213	6	1000-3000	518340	367	0.9353416873088856	0.9415034751642656	0.9484144860802322	3000	Subclonal_Passengers	0.7999999999999999
214	7	3000-10000	374728	75	0.8933975640295361	0.9029601510899399	0.912962196318732	10000	Subclonal_Passengers	0.7999999999999999
215	8	10000-30000	423941	32	0.8539215143768877	0.8602406184730824	0.869441511373228	30000	Subclonal_Passengers	0.7999999999999999
0	0	1-3	155	82	0.3916137451065681	0.5612402709305189	0.8440296872278623	1	Passengers	0.9
1	1	3-10	2796	425	0.873091624579158	0.9783446506753432	1.108475180391328	3	Passengers	0.9
2	2	10-30	32763	1718	0.9670951507079636	0.9964448449602198	1.0308167190718358	10	Passengers	0.9
3	3	30-100	224189	3956	0.9622688412603132	0.9731605639417078	0.9869145643340737	30	Passengers	0.9
4	4	100-300	395287	2449	0.9240859806327256	0.9318487442164824	0.9397525904494816	100	Passengers	0.9
5	5	300-1000	594031	1170	0.924740969533406	0.9323555101331	0.9390025838122248	300	Passengers	0.9
6	6	1000-3000	582717	378	0.9323818079747278	0.9412890825161826	0.9483375400721702	1000	Passengers	0.9
7	7	3000-10000	390588	75	0.8937362858103739	0.9015202950736536	0.9106699803804652	3000	Passengers	0.9
8	8	10000-30000	457593	34	0.8518277257351028	0.8597259530786425	0.8661855182369688	10000	Passengers	0.9
9	0	1-3	155	82	0.3916137451065681	0.5612402709305189	0.8440296872278623	3	Passengers	0.9
10	1	3-10	2796	425	0.873091624579158	0.9783446506753432	1.108475180391328	10	Passengers	0.9
11	2	10-30	32763	1718	0.9670951507079636	0.9964448449602198	1.0308167190718358	30	Passengers	0.9
12	3	30-100	224189	3956	0.9622688412603132	0.9731605639417078	0.9869145643340737	100	Passengers	0.9
13	4	100-300	395287	2449	0.9240859806327256	0.9318487442164824	0.9397525904494816	300	Passengers	0.9
14	5	300-1000	594031	1170	0.924740969533406	0.9323555101331	0.9390025838122248	1000	Passengers	0.9
15	6	1000-3000	582717	378	0.9323818079747278	0.9412890825161826	0.9483375400721702	3000	Passengers	0.9
16	7	3000-10000	390588	75	0.8937362858103739	0.9015202950736536	0.9106699803804652	10000	Passengers	0.9
17	8	10000-30000	457593	34	0.8518277257351028	0.8597259530786425	0.8661855182369688	30000	Passengers	0.9
18	0	1-3	13	13	0.993610747051114	2.7398615232443126	7.174636174636174	1	Drivers	0.9
19	1	3-10	326	244	3.4431603866252796	4.917175282798798	7.954518280331303	3	Drivers	0.9
20	2	10-30	2537	1285	2.522288063647543	2.794507912429053	3.2060263803975917	10	Drivers	0.9
21	3	30-100	12459	3684	1.8826758628326952	1.9767355725056208	2.0950028592224457	30	Drivers	0.9
22	4	100-300	16974	2439	1.4267264272266849	1.485042876041474	1.536443193462434	100	Drivers	0.9
23	5	300-1000	20739	1170	1.2194249909656163	1.2677772962344809	1.3046736346006718	300	Drivers	0.9
24	6	1000-3000	18406	378	1.08001739017773	1.113972307110511	1.1497660637805935	1000	Drivers	0.9
25	7	3000-10000	11579	75	0.9714266601966582	1.0037137889453045	1.0524424729335995	3000	Drivers	0.9
26	8	10000-30000	14195	34	0.9145772455665566	0.9440617839571352	0.9758466169195004	10000	Drivers	0.9
27	0	1-3	13	13	0.993610747051114	2.7398615232443126	7.174636174636174	3	Drivers	0.9
28	1	3-10	326	244	3.4431603866252796	4.917175282798798	7.954518280331303	10	Drivers	0.9
29	2	10-30	2537	1285	2.522288063647543	2.794507912429053	3.2060263803975917	30	Drivers	0.9
30	3	30-100	12459	3684	1.8826758628326952	1.9767355725056208	2.0950028592224457	100	Drivers	0.9
31	4	100-300	16974	2439	1.4267264272266849	1.485042876041474	1.536443193462434	300	Drivers	0.9
32	5	300-1000	20739	1170	1.2194249909656163	1.2677772962344809	1.3046736346006718	1000	Drivers	0.9
33	6	1000-3000	18406	378	1.08001739017773	1.113972307110511	1.1497660637805935	3000	Drivers	0.9
34	7	3000-10000	11579	75	0.9714266601966582	1.0037137889453045	1.0524424729335995	10000	Drivers	0.9
35	8	10000-30000	14195	34	0.9145772455665566	0.9440617839571352	0.9758466169195004	30000	Drivers	0.9
36	0	1-3	0	0				1	Clonal_Drivers	0.9
37	1	3-10	10	10	inf	inf	inf	3	Clonal_Drivers	0.9
38	2	10-30	242	201	4.346914175506268	9.310543632002954	23.33623188405797	10	Clonal_Drivers	0.9
39	3	30-100	1664	1214	4.347460270607494	4.976960335122398	5.975159482343085	30	Clonal_Drivers	0.9
40	4	100-300	2376	1285	2.1850298901888343	2.4281402787052	2.695321955405512	100	Clonal_Drivers	0.9
41	5	300-1000	2262	755	1.5504571356915686	1.6823144056997472	1.8760601314752559	300	Clonal_Drivers	0.9
42	6	1000-3000	1229	260	1.1578780184277135	1.285061111733702	1.4732474966644182	1000	Clonal_Drivers	0.9
43	7	3000-10000	360	55	0.930850033723547	1.1524048920252559	1.5950655414222692	3000	Clonal_Drivers	0.9
44	8	10000-30000	163	24	0.8007784034448493	1.258367954270898	2.082890400604686	10000	Clonal_Drivers	0.9
45	0	1-3	0	0				3	Clonal_Drivers	0.9
46	1	3-10	10	10	inf	inf	inf	10	Clonal_Drivers	0.9
47	2	10-30	242	201	4.346914175506268	9.310543632002954	23.33623188405797	30	Clonal_Drivers	0.9
48	3	30-100	1664	1214	4.347460270607494	4.976960335122398	5.975159482343085	100	Clonal_Drivers	0.9
49	4	100-300	2376	1285	2.1850298901888343	2.4281402787052	2.695321955405512	300	Clonal_Drivers	0.9
50	5	300-1000	2262	755	1.5504571356915686	1.6823144056997472	1.8760601314752559	1000	Clonal_Drivers	0.9
51	6	1000-3000	1229	260	1.1578780184277135	1.285061111733702	1.4732474966644182	3000	Clonal_Drivers	0.9
52	7	3000-10000	360	55	0.930850033723547	1.1524048920252559	1.5950655414222692	10000	Clonal_Drivers	0.9
53	8	10000-30000	163	24	0.8007784034448493	1.258367954270898	2.082890400604686	30000	Clonal_Drivers	0.9
54	0	1-3	13	13	0.6647727272727272	2.7398615232443126	inf	1	Subclonal_Drivers	0.9
55	1	3-10	292	221	2.8548470561177552	4.744104623622697	8.033151448748685	3	Subclonal_Drivers	0.9
56	2	10-30	2170	1171	2.3290843438753064	2.6279429540444394	3.0422297853562794	10	Subclonal_Drivers	0.9
57	3	30-100	10425	3464	1.7020736112897117	1.7726123362726474	1.860603688526218	30	Subclonal_Drivers	0.9
58	4	100-300	13983	2324	1.33549473532022	1.3905139145793128	1.4443013593082494	100	Subclonal_Drivers	0.9
59	5	300-1000	17729	1127	1.190712841675786	1.2306881155165197	1.2745039021938518	300	Subclonal_Drivers	0.9
60	6	1000-3000	16552	367	1.0573578903354348	1.099654598429248	1.1469556623263768	1000	Subclonal_Drivers	0.9
61	7	3000-10000	11219	75	0.9588474302998232	0.9989807616632936	1.0436253923143028	3000	Subclonal_Drivers	0.9
62	8	10000-30000	13272	32	0.9063144625240732	0.9394238514829178	0.97934488337871	10000	Subclonal_Drivers	0.9
63	0	1-3	13	13	0.6647727272727272	2.7398615232443126	inf	3	Subclonal_Drivers	0.9
64	1	3-10	292	221	2.8548470561177552	4.744104623622697	8.033151448748685	10	Subclonal_Drivers	0.9
65	2	10-30	2170	1171	2.3290843438753064	2.6279429540444394	3.0422297853562794	30	Subclonal_Drivers	0.9
66	3	30-100	10425	3464	1.7020736112897117	1.7726123362726474	1.860603688526218	100	Subclonal_Drivers	0.9
67	4	100-300	13983	2324	1.33549473532022	1.3905139145793128	1.4443013593082494	300	Subclonal_Drivers	0.9
68	5	300-1000	17729	1127	1.190712841675786	1.2306881155165197	1.2745039021938518	1000	Subclonal_Drivers	0.9
69	6	1000-3000	16552	367	1.0573578903354348	1.099654598429248	1.1469556623263768	3000	Subclonal_Drivers	0.9
70	7	3000-10000	11219	75	0.9588474302998232	0.9989807616632936	1.0436253923143028	10000	Subclonal_Drivers	0.9
71	8	10000-30000	13272	32	0.9063144625240732	0.9394238514829178	0.97934488337871	30000	Subclonal_Drivers	0.9
72	0	1-3	1	1	inf	inf	inf	1	Clonal_Passengers	0.9
73	1	3-10	36	26	0.322655690765927	0.6883720930232557	1.084036238675414	3	Clonal_Passengers	0.9
74	2	10-30	840	440	0.8668095093034708	1.0186526357650334	1.2035855174140977	10	Clonal_Passengers	0.9
75	3	30-100	9498	2517	0.9303659053334884	0.981302873368584	1.0293910168306644	30	Clonal_Passengers	0.9
76	4	100-300	27446	2144	0.8948933197267217	0.9239246047410798	0.9547662316613852	100	Clonal_Passengers	0.9
77	5	300-1000	44626	1069	0.922447591579341	0.9450331598457264	0.9665799278533979	300	Clonal_Passengers	0.9
78	6	1000-3000	30899	358	0.8980589847711907	0.9282386998689004	0.9613683938548538	1000	Clonal_Passengers	0.9
79	7	3000-10000	9514	74	0.8451663210427657	0.8825572110103224	0.9291635832904906	3000	Clonal_Passengers	0.9
80	8	10000-30000	4377	32	0.731507313801141	0.7882958448703127	0.8867528793091956	10000	Clonal_Passengers	0.9
81	0	1-3	1	1	inf	inf	inf	3	Clonal_Passengers	0.9
82	1	3-10	36	26	0.322655690765927	0.6883720930232557	1.084036238675414	10	Clonal_Passengers	0.9
83	2	10-30	840	440	0.8668095093034708	1.0186526357650334	1.2035855174140977	30	Clonal_Passengers	0.9
84	3	30-100	9498	2517	0.9303659053334884	0.981302873368584	1.0293910168306644	100	Clonal_Passengers	0.9
85	4	100-300	27446	2144	0.8948933197267217	0.9239246047410798	0.9547662316613852	300	Clonal_Passengers	0.9
86	5	300-1000	44626	1069	0.922447591579341	0.9450331598457264	0.9665799278533979	1000	Clonal_Passengers	0.9
87	6	1000-3000	30899	358	0.8980589847711907	0.9282386998689004	0.9613683938548538	3000	Clonal_Passengers	0.9
88	7	3000-10000	9514	74	0.8451663210427657	0.8825572110103224	0.9291635832904906	10000	Clonal_Passengers	0.9
89	8	10000-30000	4377	32	0.731507313801141	0.7882958448703127	0.8867528793091956	30000	Clonal_Passengers	0.9
90	0	1-3	119	63	0.3673415223930212	0.5698861144969688	0.9932780804374224	1	Subclonal_Passengers	0.9
91	1	3-10	2415	375	0.8652982371349367	0.9858665866278574	1.109865612507818	3	Subclonal_Passengers	0.9
92	2	10-30	30074	1616	0.9684306726178176	0.9973879604866004	1.0335288661491775	10	Subclonal_Passengers	0.9
93	3	30-100	208292	3836	0.9594626619097872	0.9738194766858856	0.9876582571235364	30	Subclonal_Passengers	0.9
94	4	100-300	352977	2354	0.9241438538048998	0.9341797649915552	0.944131917387396	100	Subclonal_Passengers	0.9
95	5	300-1000	528090	1127	0.9225828944517029	0.9307279610418776	0.9386639185215256	300	Subclonal_Passengers	0.9
96	6	1000-3000	533836	367	0.9344381392217188	0.941254287848702	0.947307644900362	1000	Subclonal_Passengers	0.9
97	7	3000-10000	381074	75	0.8962156521574245	0.9023401192146012	0.9093190510870178	3000	Subclonal_Passengers	0.9
98	8	10000-30000	428458	32	0.8498053040488951	0.8599801541003549	0.8674527034416842	10000	Subclonal_Passengers	0.9
99	0	1-3	119	63	0.3673415223930212	0.5698861144969688	0.9932780804374224	3	Subclonal_Passengers	0.9
100	1	3-10	2415	375	0.8652982371349367	0.9858665866278574	1.109865612507818	10	Subclonal_Passengers	0.9
101	2	10-30	30074	1616	0.9684306726178176	0.9973879604866004	1.0335288661491775	30	Subclonal_Passengers	0.9
102	3	30-100	208292	3836	0.9594626619097872	0.9738194766858856	0.9876582571235364	100	Subclonal_Passengers	0.9
103	4	100-300	352977	2354	0.9241438538048998	0.9341797649915552	0.944131917387396	300	Subclonal_Passengers	0.9
104	5	300-1000	528090	1127	0.9225828944517029	0.9307279610418776	0.9386639185215256	1000	Subclonal_Passengers	0.9
105	6	1000-3000	533836	367	0.9344381392217188	0.941254287848702	0.947307644900362	3000	Subclonal_Passengers	0.9
106	7	3000-10000	381074	75	0.8962156521574245	0.9023401192146012	0.9093190510870178	10000	Subclonal_Passengers	0.9
107	8	10000-30000	428458	32	0.8498053040488951	0.8599801541003549	0.8674527034416842	30000	Subclonal_Passengers	0.9
