	xbin	NumMutsInBin	NumPatientsInBin	low	true	high	Bin	Group
0	1-3	0	0				1	TranslationRegulation
1	3-10	15	15	0.23214285714285712	0.7313432835820896	2.2127659574468086	3	TranslationRegulation
2	10-30	144	140	0.9070205534876193	1.2868462757527734	1.9026834788231493	10	TranslationRegulation
3	30-100	1022	866	0.9003005454343067	1.0495345238797948	1.228478417630139	30	TranslationRegulation
4	100-300	1797	1173	0.8604860180355602	0.9572089369326937	1.080128536697464	100	TranslationRegulation
5	300-1000	2548	958	0.8548193914572786	0.9203336976415829	0.9889496714415746	300	TranslationRegulation
6	1000-3000	2611	373	0.9098644621218397	0.9693655451869223	1.0488036595861552	1000	TranslationRegulation
7	3000-10000	1725	75	0.9481238255872866	1.032092651423306	1.1218313493878298	3000	TranslationRegulation
8	10000-30000	2279	34	0.8616789181672294	0.9513102040744096	1.045482038146754	10000	TranslationRegulation
0	1-3	0	0				3	TranslationRegulation
1	3-10	15	15	0.23214285714285712	0.7313432835820896	2.2127659574468086	10	TranslationRegulation
2	10-30	144	140	0.9070205534876193	1.2868462757527734	1.9026834788231493	30	TranslationRegulation
3	30-100	1022	866	0.9003005454343067	1.0495345238797948	1.228478417630139	100	TranslationRegulation
4	100-300	1797	1173	0.8604860180355602	0.9572089369326937	1.080128536697464	300	TranslationRegulation
5	300-1000	2548	958	0.8548193914572786	0.9203336976415829	0.9889496714415746	1000	TranslationRegulation
6	1000-3000	2611	373	0.9098644621218397	0.9693655451869223	1.0488036595861552	3000	TranslationRegulation
7	3000-10000	1725	75	0.9481238255872866	1.032092651423306	1.1218313493878298	10000	TranslationRegulation
8	10000-30000	2279	34	0.8616789181672294	0.9513102040744096	1.045482038146754	30000	TranslationRegulation
0	1-3	15	13	0.2253193960511034	0.6701312910284464	1.868893528183716	1	TranscriptionRegulation
1	3-10	168	143	0.6448153888099646	0.8715972626988754	1.2339554845792993	3	TranscriptionRegulation
2	10-30	2005	1143	1.0262297235279774	1.1310621372335259	1.2744528206006187	10	TranscriptionRegulation
3	30-100	12856	3689	0.9870134805192278	1.0208247198605027	1.0503418748192708	30	TranscriptionRegulation
4	100-300	22584	2442	0.9654218946114688	0.9851452330277062	1.0171324264348023	100	TranscriptionRegulation
5	300-1000	33876	1170	0.9367663357737983	0.9609088217644457	0.9881739114631323	300	TranscriptionRegulation
6	1000-3000	34018	378	0.9620028491471305	0.9883320565922736	1.0131032178782229	1000	TranscriptionRegulation
7	3000-10000	21296	75	0.9428846547226645	0.9625210187506117	0.9866053243226485	3000	TranscriptionRegulation
8	10000-30000	25357	34	0.8941190892748239	0.920150734683242	0.9528248127926345	10000	TranscriptionRegulation
0	1-3	15	13	0.2253193960511034	0.6701312910284464	1.868893528183716	3	TranscriptionRegulation
1	3-10	168	143	0.6448153888099646	0.8715972626988754	1.2339554845792993	10	TranscriptionRegulation
2	10-30	2005	1143	1.0262297235279774	1.1310621372335259	1.2744528206006187	30	TranscriptionRegulation
3	30-100	12856	3689	0.9870134805192278	1.0208247198605027	1.0503418748192708	100	TranscriptionRegulation
4	100-300	22584	2442	0.9654218946114688	0.9851452330277062	1.0171324264348023	300	TranscriptionRegulation
5	300-1000	33876	1170	0.9367663357737983	0.9609088217644457	0.9881739114631323	1000	TranscriptionRegulation
6	1000-3000	34018	378	0.9620028491471305	0.9883320565922736	1.0131032178782229	3000	TranscriptionRegulation
7	3000-10000	21296	75	0.9428846547226645	0.9625210187506117	0.9866053243226485	10000	TranscriptionRegulation
8	10000-30000	25357	34	0.8941190892748239	0.920150734683242	0.9528248127926345	30000	TranscriptionRegulation
0	1-3	138	79	0.3342449273520566	0.5113306217315514	0.8004364620253552	1	Interacting_Protein
1	3-10	2494	424	0.8727179114731384	0.9778001973315791	1.0761766245256403	3	Interacting_Protein
2	10-30	28851	1718	0.9622964398346862	1.0018230300196338	1.0447335020382655	10	Interacting_Protein
3	30-100	195930	3956	0.9584778809228341	0.972083590355738	0.9884721543206838	30	Interacting_Protein
4	100-300	343521	2449	0.9210459204255831	0.9299106845334435	0.9403883953960841	100	Interacting_Protein
5	300-1000	515506	1170	0.9241146257355526	0.9316672350489542	0.9389084591363628	300	Interacting_Protein
6	1000-3000	510783	378	0.9344307723006278	0.9413466304790106	0.9476083957291087	1000	Interacting_Protein
7	3000-10000	341836	75	0.8972889199044187	0.9045278745629145	0.9148919698584517	3000	Interacting_Protein
8	10000-30000	403016	34	0.845346450117327	0.8540176805176566	0.8619645865029176	10000	Interacting_Protein
0	1-3	138	79	0.3342449273520566	0.5113306217315514	0.8004364620253552	3	Interacting_Protein
1	3-10	2494	424	0.8727179114731384	0.9778001973315791	1.0761766245256403	10	Interacting_Protein
2	10-30	28851	1718	0.9622964398346862	1.0018230300196338	1.0447335020382655	30	Interacting_Protein
3	30-100	195930	3956	0.9584778809228341	0.972083590355738	0.9884721543206838	100	Interacting_Protein
4	100-300	343521	2449	0.9210459204255831	0.9299106845334435	0.9403883953960841	300	Interacting_Protein
5	300-1000	515506	1170	0.9241146257355526	0.9316672350489542	0.9389084591363628	1000	Interacting_Protein
6	1000-3000	510783	378	0.9344307723006278	0.9413466304790106	0.9476083957291087	3000	Interacting_Protein
7	3000-10000	341836	75	0.8972889199044187	0.9045278745629145	0.9148919698584517	10000	Interacting_Protein
8	10000-30000	403016	34	0.845346450117327	0.8540176805176566	0.8619645865029176	30000	Interacting_Protein
0	1-3	4	4	inf	inf	inf	1	Chr_Segregation
1	3-10	41	35	0.4667970447631465	0.8243711865150783	1.4007257365684576	3	Chr_Segregation
2	10-30	481	415	0.8486379598828097	1.0316237698713095	1.2481378588396344	10	Chr_Segregation
3	30-100	3287	2111	0.9479998137173511	1.0264031712806374	1.124308112904667	30	Chr_Segregation
4	100-300	5640	2083	0.9043834908365118	0.960853532020199	1.0150111848809618	100	Chr_Segregation
5	300-1000	8509	1152	0.892624839864059	0.9264183218341939	0.972072841602597	300	Chr_Segregation
6	1000-3000	8247	378	0.9468363662809972	0.9869287524797056	1.0421235224301912	1000	Chr_Segregation
7	3000-10000	6133	75	0.8209532317964822	0.863651324052961	0.922142585827914	3000	Chr_Segregation
8	10000-30000	7621	34	0.727529795002949	0.7737929575350889	0.8082616475896479	10000	Chr_Segregation
0	1-3	4	4	inf	inf	inf	3	Chr_Segregation
1	3-10	41	35	0.4667970447631465	0.8243711865150783	1.4007257365684576	10	Chr_Segregation
2	10-30	481	415	0.8486379598828097	1.0316237698713095	1.2481378588396344	30	Chr_Segregation
3	30-100	3287	2111	0.9479998137173511	1.0264031712806374	1.124308112904667	100	Chr_Segregation
4	100-300	5640	2083	0.9043834908365118	0.960853532020199	1.0150111848809618	300	Chr_Segregation
5	300-1000	8509	1152	0.892624839864059	0.9264183218341939	0.972072841602597	1000	Chr_Segregation
6	1000-3000	8247	378	0.9468363662809972	0.9869287524797056	1.0421235224301912	3000	Chr_Segregation
7	3000-10000	6133	75	0.8209532317964822	0.863651324052961	0.922142585827914	10000	Chr_Segregation
8	10000-30000	7621	34	0.727529795002949	0.7737929575350889	0.8082616475896479	30000	Chr_Segregation
0	1-3	17	16	0.22894736842105262	0.7794117647058824	3.350835322195704	1	Passengers_Essential
1	3-10	264	195	0.6923327432445974	0.9335963591773256	1.205258133800016	3	Passengers_Essential
2	10-30	2733	1322	0.9311003313263198	1.0042113303202593	1.0741805328400655	10	Passengers_Essential
3	30-100	17623	3841	0.9717066444305447	1.0042075457756212	1.03565089100881	30	Passengers_Essential
4	100-300	30136	2448	0.9370644355310367	0.954900402010092	0.9815692341842265	100	Passengers_Essential
5	300-1000	45325	1170	0.9373644482221593	0.9551497160534116	0.972970970604992	300	Passengers_Essential
6	1000-3000	45139	378	0.9602500345338738	0.9770560070378542	0.9941712693396548	1000	Passengers_Essential
7	3000-10000	30767	75	0.9279852565179258	0.9514574223799971	0.9741336289357253	3000	Passengers_Essential
8	10000-30000	39256	34	0.8833649174416799	0.903871235608583	0.9234391137157618	10000	Passengers_Essential
0	1-3	17	16	0.22894736842105262	0.7794117647058824	3.350835322195704	3	Passengers_Essential
1	3-10	264	195	0.6923327432445974	0.9335963591773256	1.205258133800016	10	Passengers_Essential
2	10-30	2733	1322	0.9311003313263198	1.0042113303202593	1.0741805328400655	30	Passengers_Essential
3	30-100	17623	3841	0.9717066444305447	1.0042075457756212	1.03565089100881	100	Passengers_Essential
4	100-300	30136	2448	0.9370644355310367	0.954900402010092	0.9815692341842265	300	Passengers_Essential
5	300-1000	45325	1170	0.9373644482221593	0.9551497160534116	0.972970970604992	1000	Passengers_Essential
6	1000-3000	45139	378	0.9602500345338738	0.9770560070378542	0.9941712693396548	3000	Passengers_Essential
7	3000-10000	30767	75	0.9279852565179258	0.9514574223799971	0.9741336289357253	10000	Passengers_Essential
8	10000-30000	39256	34	0.8833649174416799	0.903871235608583	0.9234391137157618	30000	Passengers_Essential
0	1-3	27	23	0.327327935222672	0.5752721046838694	1.0766961651917404	1	Passengers_Housekeeping
1	3-10	430	267	0.7322214500810748	0.88315134641319	1.02251095568754	3	Passengers_Housekeeping
2	10-30	4675	1583	0.9859419416908064	1.0518640603462923	1.1238431599419871	10	Passengers_Housekeeping
3	30-100	30526	3943	0.9983134363523366	1.0216784637995835	1.0523492864603958	30	Passengers_Housekeeping
4	100-300	50981	2449	0.964106434819487	0.9873412706452985	1.0071837358473523	100	Passengers_Housekeeping
5	300-1000	76469	1170	0.9329007054736402	0.9434915254078985	0.9585319102077494	300	Passengers_Housekeeping
6	1000-3000	76510	378	0.9676766955168963	0.9823329492613038	0.9984139759286101	1000	Passengers_Housekeeping
7	3000-10000	52751	75	0.929990498703392	0.9511786421686644	0.9730088185754344	3000	Passengers_Housekeeping
8	10000-30000	68478	34	0.8690445686042939	0.8825368234586853	0.9001248698967745	10000	Passengers_Housekeeping
0	1-3	27	23	0.327327935222672	0.5752721046838694	1.0766961651917404	3	Passengers_Housekeeping
1	3-10	430	267	0.7322214500810748	0.88315134641319	1.02251095568754	10	Passengers_Housekeeping
2	10-30	4675	1583	0.9859419416908064	1.0518640603462923	1.1238431599419871	30	Passengers_Housekeeping
3	30-100	30526	3943	0.9983134363523366	1.0216784637995835	1.0523492864603958	100	Passengers_Housekeeping
4	100-300	50981	2449	0.964106434819487	0.9873412706452985	1.0071837358473523	300	Passengers_Housekeeping
5	300-1000	76469	1170	0.9329007054736402	0.9434915254078985	0.9585319102077494	1000	Passengers_Housekeeping
6	1000-3000	76510	378	0.9676766955168963	0.9823329492613038	0.9984139759286101	3000	Passengers_Housekeeping
7	3000-10000	52751	75	0.929990498703392	0.9511786421686644	0.9730088185754344	10000	Passengers_Housekeeping
8	10000-30000	68478	34	0.8690445686042939	0.8825368234586853	0.9001248698967745	30000	Passengers_Housekeeping
0	1-3	131	79	0.32376470588235295	0.5324559403914761	0.8087983179686237	1	normalGTEX_top50Percent_exclDrivers
1	3-10	2336	424	0.8574070510144829	0.9472927575817035	1.0342232361470833	3	normalGTEX_top50Percent_exclDrivers
2	10-30	26939	1718	0.9540837335305252	0.9966016455679588	1.0301773414483066	10	normalGTEX_top50Percent_exclDrivers
3	30-100	181575	3956	0.9605598186609143	0.9749109951893353	0.9896496933853846	30	normalGTEX_top50Percent_exclDrivers
4	100-300	317867	2449	0.9215475070607716	0.930201629247826	0.9386698858916446	100	normalGTEX_top50Percent_exclDrivers
5	300-1000	475577	1170	0.9192409881659948	0.9264412975117714	0.9333999144889127	300	normalGTEX_top50Percent_exclDrivers
6	1000-3000	474317	378	0.9291467750151298	0.9374017816107081	0.9446554915144065	1000	normalGTEX_top50Percent_exclDrivers
7	3000-10000	317312	75	0.8974676676409497	0.9036377404257228	0.9135618035269433	3000	normalGTEX_top50Percent_exclDrivers
8	10000-30000	379711	34	0.8534159245895688	0.8612963827908785	0.869160184364795	10000	normalGTEX_top50Percent_exclDrivers
0	1-3	131	79	0.32376470588235295	0.5324559403914761	0.8087983179686237	3	normalGTEX_top50Percent_exclDrivers
1	3-10	2336	424	0.8574070510144829	0.9472927575817035	1.0342232361470833	10	normalGTEX_top50Percent_exclDrivers
2	10-30	26939	1718	0.9540837335305252	0.9966016455679588	1.0301773414483066	30	normalGTEX_top50Percent_exclDrivers
3	30-100	181575	3956	0.9605598186609143	0.9749109951893353	0.9896496933853846	100	normalGTEX_top50Percent_exclDrivers
4	100-300	317867	2449	0.9215475070607716	0.930201629247826	0.9386698858916446	300	normalGTEX_top50Percent_exclDrivers
5	300-1000	475577	1170	0.9192409881659948	0.9264412975117714	0.9333999144889127	1000	normalGTEX_top50Percent_exclDrivers
6	1000-3000	474317	378	0.9291467750151298	0.9374017816107081	0.9446554915144065	3000	normalGTEX_top50Percent_exclDrivers
7	3000-10000	317312	75	0.8974676676409497	0.9036377404257228	0.9135618035269433	10000	normalGTEX_top50Percent_exclDrivers
8	10000-30000	379711	34	0.8534159245895688	0.8612963827908785	0.869160184364795	30000	normalGTEX_top50Percent_exclDrivers
