	xbin	NumMutsInBin	NumPatientsInBin	low	true	high	Bin	Group
0	1-3	168.0	83.0	0.49364502383609216	0.6971446058783166	0.98453459072365	1	All
1	10-30	35300.0	1718.0	1.0903039817585225	1.1181797986527968	1.1467683169409244	10	All
2	100-300	412261.0	2449.0	1.0321867952904076	1.039946972607273	1.0477654924182138	100	All
3	1000-3000	601123.0	378.0	1.022083976671861	1.0281766469586806	1.0343056358182114	1000	All
4	10000-30000	471787.0	34.0	1.0523013505950012	1.059893499606253	1.067540424491903	10000	All
5	3-10	3122.0	425.0	1.0038479438277994	1.092764479969064	1.1895568607021034	3	All
6	30-100	236648.0	3956.0	1.0806413373985473	1.0912862514889283	1.1020360238630618	30	All
7	300-1000	614770.0	1170.0	1.015121497052991	1.0213004860772303	1.0275170862696625	300	All
8	3000-10000	402167.0	75.0	1.042696969449689	1.0505189518060793	1.058399612196238	3000	All
9	nan			0.9937971088415614	1.0123705461767964	1.0312911092697707	nan	All
0	1-3	168.0	83.0	0.49364502383609216	0.6971446058783166	0.98453459072365	3	All
1	10-30	35300.0	1718.0	1.0903039817585225	1.1181797986527968	1.1467683169409244	30	All
2	100-300	412261.0	2449.0	1.0321867952904076	1.039946972607273	1.0477654924182138	300	All
3	1000-3000	601123.0	378.0	1.022083976671861	1.0281766469586806	1.0343056358182114	3000	All
4	10000-30000	471787.0	34.0	1.0523013505950012	1.059893499606253	1.067540424491903	30000	All
5	3-10	3122.0	425.0	1.0038479438277994	1.092764479969064	1.1895568607021034	10	All
6	30-100	236648.0	3956.0	1.0806413373985473	1.0912862514889283	1.1020360238630618	100	All
7	300-1000	614770.0	1170.0	1.015121497052991	1.0213004860772303	1.0275170862696625	1000	All
8	3000-10000	402167.0	75.0	1.042696969449689	1.0505189518060793	1.058399612196238	10000	All
9	nan			0.9937971088415614	1.0123705461767964	1.0312911092697707		All
0	1-3	155.0	82.0	0.4661402417149133	0.6669979303996588	0.9544042743889855	1	Passengers
1	10-30	32763.0	1718.0	1.0318759038570193	1.0589114993738216	1.086655439200454	10	Passengers
2	100-300	395287.0	2449.0	1.0114078564126971	1.0191448037257012	1.02694093621642	100	Passengers
3	1000-3000	582717.0	378.0	1.0159617239190668	1.0221065815734114	1.0282886052692544	1000	Passengers
4	10000-30000	457592.0	34.0	1.0480337181114632	1.0557067588366007	1.0634359767180186	10000	Passengers
5	3-10	2796.0	425.0	0.9119472882927632	0.9954292717114365	1.0865534090626716	3	Passengers
6	30-100	224189.0	3956.0	1.0444202101346582	1.054917608761323	1.065520516049021	30	Passengers
7	300-1000	594031.0	1170.0	1.003181861609422	1.0093799685173976	1.0156163701062413	300	Passengers
8	3000-10000	390588.0	75.0	1.0371358952906704	1.0450229009475713	1.0529698841431097	3000	Passengers
9	nan			0.9912850317124425	1.0100312474516604	1.029131973340128	nan	Passengers
0	1-3	155.0	82.0	0.4661402417149133	0.6669979303996588	0.9544042743889855	3	Passengers
1	10-30	32763.0	1718.0	1.0318759038570193	1.0589114993738216	1.086655439200454	30	Passengers
2	100-300	395287.0	2449.0	1.0114078564126971	1.0191448037257012	1.02694093621642	300	Passengers
3	1000-3000	582717.0	378.0	1.0159617239190668	1.0221065815734114	1.0282886052692544	3000	Passengers
4	10000-30000	457592.0	34.0	1.0480337181114632	1.0557067588366007	1.0634359767180186	30000	Passengers
5	3-10	2796.0	425.0	0.9119472882927632	0.9954292717114365	1.0865534090626716	10	Passengers
6	30-100	224189.0	3956.0	1.0444202101346582	1.054917608761323	1.065520516049021	100	Passengers
7	300-1000	594031.0	1170.0	1.003181861609422	1.0093799685173976	1.0156163701062413	1000	Passengers
8	3000-10000	390588.0	75.0	1.0371358952906704	1.0450229009475713	1.0529698841431097	10000	Passengers
9	nan			0.9912850317124425	1.0100312474516604	1.029131973340128		Passengers
0	1-3	17.0	17.0	0.35585928545101037	1.3316931782180843	4.983449339153803	1	Drivers_COSMIC
1	10-30	3022.0	1406.0	2.0657972633315977	2.3011692658241834	2.563358991692016	10	Drivers_COSMIC
2	100-300	22803.0	2447.0	1.393879456138538	1.442419300873287	1.4926494757987119	100	Drivers_COSMIC
3	1000-3000	27960.0	378.0	1.107114855431377	1.1386291167636375	1.1710404382901909	1000	Drivers_COSMIC
4	10000-30000	21723.0	34.0	1.0509819107587943	1.0869653866251565	1.1241808632730452	10000	Drivers_COSMIC
5	3-10	361.0	258.0	1.9252492588448635	2.7450268807371394	3.913868576420345	3	Drivers_COSMIC
6	30-100	15610.0	3806.0	1.7528241297886349	1.8307586429196026	1.912158300233457	30	Drivers_COSMIC
7	300-1000	29989.0	1170.0	1.210957836276039	1.246134175104732	1.282332328877202	300	Drivers_COSMIC
8	3000-10000	18165.0	75.0	1.1043590038257804	1.144588422868972	1.186283312969081	3000	Drivers_COSMIC
9	nan			1.0144131565655659	1.1119994852608537	1.2189735979045144	nan	Drivers_COSMIC
0	1-3	17.0	17.0	0.35585928545101037	1.3316931782180843	4.983449339153803	3	Drivers_COSMIC
1	10-30	3022.0	1406.0	2.0657972633315977	2.3011692658241834	2.563358991692016	30	Drivers_COSMIC
2	100-300	22803.0	2447.0	1.393879456138538	1.442419300873287	1.4926494757987119	300	Drivers_COSMIC
3	1000-3000	27960.0	378.0	1.107114855431377	1.1386291167636375	1.1710404382901909	3000	Drivers_COSMIC
4	10000-30000	21723.0	34.0	1.0509819107587943	1.0869653866251565	1.1241808632730452	30000	Drivers_COSMIC
5	3-10	361.0	258.0	1.9252492588448635	2.7450268807371394	3.913868576420345	10	Drivers_COSMIC
6	30-100	15610.0	3806.0	1.7528241297886349	1.8307586429196026	1.912158300233457	100	Drivers_COSMIC
7	300-1000	29989.0	1170.0	1.210957836276039	1.246134175104732	1.282332328877202	1000	Drivers_COSMIC
8	3000-10000	18165.0	75.0	1.1043590038257804	1.144588422868972	1.186283312969081	10000	Drivers_COSMIC
9	nan			1.0144131565655659	1.1119994852608537	1.2189735979045144		Drivers_COSMIC
0	1-3	13.0	13.0	0.3165158558345856	1.2163988364558342	4.674729881792636	1	Drivers_Bailey
1	10-30	2537.0	1285.0	2.6971928289567644	3.0795505019555747	3.516111711509691	10	Drivers_Bailey
2	100-300	16974.0	2439.0	1.7012244403261259	1.7740460866029615	1.8499848948725155	100	Drivers_Bailey
3	1000-3000	18406.0	378.0	1.2071256039506832	1.2505053564223498	1.2954440211715326	1000	Drivers_Bailey
4	10000-30000	14195.0	34.0	1.1574537966186433	1.2076202889873815	1.259961103099186	10000	Drivers_Bailey
5	3-10	326.0	244.0	2.7997699188116303	4.3531438477533975	6.768363797292518	3	Drivers_Bailey
6	30-100	12459.0	3684.0	2.205952484933381	2.325427442032876	2.4513731937081467	30	Drivers_Bailey
7	300-1000	20739.0	1170.0	1.4256078498446196	1.4778519196919733	1.5320105713329895	300	Drivers_Bailey
8	3000-10000	11579.0	75.0	1.2076201317064492	1.2642432986527967	1.3235214255081875	3000	Drivers_Bailey
9	nan			0.9870084306881551	1.1150372505350037	1.2596732017920151	nan	Drivers_Bailey
0	1-3	13.0	13.0	0.3165158558345856	1.2163988364558342	4.674729881792636	3	Drivers_Bailey
1	10-30	2537.0	1285.0	2.6971928289567644	3.0795505019555747	3.516111711509691	30	Drivers_Bailey
2	100-300	16974.0	2439.0	1.7012244403261259	1.7740460866029615	1.8499848948725155	300	Drivers_Bailey
3	1000-3000	18406.0	378.0	1.2071256039506832	1.2505053564223498	1.2954440211715326	3000	Drivers_Bailey
4	10000-30000	14195.0	34.0	1.1574537966186433	1.2076202889873815	1.259961103099186	30000	Drivers_Bailey
5	3-10	326.0	244.0	2.7997699188116303	4.3531438477533975	6.768363797292518	10	Drivers_Bailey
6	30-100	12459.0	3684.0	2.205952484933381	2.325427442032876	2.4513731937081467	100	Drivers_Bailey
7	300-1000	20739.0	1170.0	1.4256078498446196	1.4778519196919733	1.5320105713329895	1000	Drivers_Bailey
8	3000-10000	11579.0	75.0	1.2076201317064492	1.2642432986527967	1.3235214255081875	10000	Drivers_Bailey
9	nan			0.9870084306881551	1.1150372505350037	1.2596732017920151		Drivers_Bailey
0	1-3	19.0	19.0	0.29737544215355727	0.8918368160762262	2.6746421989286855	1	Drivers_Intogen
1	10-30	2770.0	1340.0	2.341362807923003	2.637891467485097	2.971974856132383	10	Drivers_Intogen
2	100-300	21114.0	2443.0	1.5212153463615066	1.5778828575242874	1.6366613169029565	100	Drivers_Intogen
3	1000-3000	25639.0	378.0	1.2235103770934446	1.2607223088080737	1.2990660068631106	1000	Drivers_Intogen
4	10000-30000	20767.0	34.0	1.1913089946418662	1.2340763263408268	1.278378981510755	10000	Drivers_Intogen
5	3-10	342.0	245.0	2.019191500333996	2.9510483332714283	4.312957074088101	3	Drivers_Intogen
6	30-100	14874.0	3792.0	1.8987299439870984	1.9881167319705535	2.081711594878672	30	Drivers_Intogen
7	300-1000	27181.0	1170.0	1.3513664676448098	1.3939682582820347	1.4379130691946265	300	Drivers_Intogen
8	3000-10000	17132.0	75.0	1.2081196288213623	1.2545116687499216	1.3026851724651698	3000	Drivers_Intogen
9	nan			1.0613333408136525	1.1701898911644362	1.2902114055266096	nan	Drivers_Intogen
0	1-3	19.0	19.0	0.29737544215355727	0.8918368160762262	2.6746421989286855	3	Drivers_Intogen
1	10-30	2770.0	1340.0	2.341362807923003	2.637891467485097	2.971974856132383	30	Drivers_Intogen
2	100-300	21114.0	2443.0	1.5212153463615066	1.5778828575242874	1.6366613169029565	300	Drivers_Intogen
3	1000-3000	25639.0	378.0	1.2235103770934446	1.2607223088080737	1.2990660068631106	3000	Drivers_Intogen
4	10000-30000	20767.0	34.0	1.1913089946418662	1.2340763263408268	1.278378981510755	30000	Drivers_Intogen
5	3-10	342.0	245.0	2.019191500333996	2.9510483332714283	4.312957074088101	10	Drivers_Intogen
6	30-100	14874.0	3792.0	1.8987299439870984	1.9881167319705535	2.081711594878672	100	Drivers_Intogen
7	300-1000	27181.0	1170.0	1.3513664676448098	1.3939682582820347	1.4379130691946265	1000	Drivers_Intogen
8	3000-10000	17132.0	75.0	1.2081196288213623	1.2545116687499216	1.3026851724651698	10000	Drivers_Intogen
9	nan			1.0613333408136525	1.1701898911644362	1.2902114055266096		Drivers_Intogen
0	1-3	7.0	7.0				1	Oncogene
1	10-30	882.0	761.0	5.5889707114952065	8.17088148213235	11.945545547006864	10	Oncogene
2	100-300	2634.0	1530.0	1.7610069267499455	1.9713744220698768	2.206872132617783	100	Oncogene
3	1000-3000	2465.0	373.0	1.059011292944289	1.1646576783826865	1.28084328925764	1000	Oncogene
4	10000-30000	1700.0	34.0	0.8921753890035553	1.0012548327082524	1.1236705835848106	10000	Oncogene
5	3-10	178.0	168.0	5.036947613811714	20.413975807693063	82.73471162065883	3	Oncogene
6	30-100	2556.0	1815.0	2.9085646323033916	3.3414173767611803	3.8386872898470092	30	Oncogene
7	300-1000	2857.0	1016.0	1.43447604959165	1.5852445184497284	1.7518592826909052	300	Oncogene
8	3000-10000	1429.0	75.0	0.8832259727026192	0.9989011747941685	1.129726239766195	3000	Oncogene
9	nan			0.688239967680116	0.9411708198369864	1.2870547392044704	nan	Oncogene
0	1-3	7.0	7.0				3	Oncogene
1	10-30	882.0	761.0	5.5889707114952065	8.17088148213235	11.945545547006864	30	Oncogene
2	100-300	2634.0	1530.0	1.7610069267499455	1.9713744220698768	2.206872132617783	300	Oncogene
3	1000-3000	2465.0	373.0	1.059011292944289	1.1646576783826865	1.28084328925764	3000	Oncogene
4	10000-30000	1700.0	34.0	0.8921753890035553	1.0012548327082524	1.1236705835848106	30000	Oncogene
5	3-10	178.0	168.0	5.036947613811714	20.413975807693063	82.73471162065883	10	Oncogene
6	30-100	2556.0	1815.0	2.9085646323033916	3.3414173767611803	3.8386872898470092	100	Oncogene
7	300-1000	2857.0	1016.0	1.43447604959165	1.5852445184497284	1.7518592826909052	1000	Oncogene
8	3000-10000	1429.0	75.0	0.8832259727026192	0.9989011747941685	1.129726239766195	10000	Oncogene
9	nan			0.688239967680116	0.9411708198369864	1.2870547392044704		Oncogene
0	1-3	1.0	1.0				1	Tumor_Suppressor
1	10-30	483.0	401.0	3.3401018363413493	4.696619454890154	6.6040604103899545	10	Tumor_Suppressor
2	100-300	4130.0	1974.0	2.9406880709784	3.254196570922111	3.6011283980479716	100	Tumor_Suppressor
3	1000-3000	3009.0	377.0	1.330335379000404	1.4558200795276701	1.5931412013927264	1000	Tumor_Suppressor
4	10000-30000	2443.0	34.0	1.1767856207145462	1.3056162243310854	1.448550776989867	10000	Tumor_Suppressor
5	3-10	38.0	37.0	1.0655610999806349	3.081886435923663	8.913636209226176	3	Tumor_Suppressor
6	30-100	3416.0	2240.0	4.088595956243189	4.642285842803907	5.270958068964967	30	Tumor_Suppressor
7	300-1000	3906.0	1097.0	1.751419593768234	1.9139242170686122	2.0915067535589307	300	Tumor_Suppressor
8	3000-10000	2003.0	75.0	1.2909683165483465	1.4472699069418076	1.6224954219942747	3000	Tumor_Suppressor
9	nan			0.8507430862509062	1.1694795332161159	1.6076326692686387	nan	Tumor_Suppressor
0	1-3	1.0	1.0				3	Tumor_Suppressor
1	10-30	483.0	401.0	3.3401018363413493	4.696619454890154	6.6040604103899545	30	Tumor_Suppressor
2	100-300	4130.0	1974.0	2.9406880709784	3.254196570922111	3.6011283980479716	300	Tumor_Suppressor
3	1000-3000	3009.0	377.0	1.330335379000404	1.4558200795276701	1.5931412013927264	3000	Tumor_Suppressor
4	10000-30000	2443.0	34.0	1.1767856207145462	1.3056162243310854	1.448550776989867	30000	Tumor_Suppressor
5	3-10	38.0	37.0	1.0655610999806349	3.081886435923663	8.913636209226176	10	Tumor_Suppressor
6	30-100	3416.0	2240.0	4.088595956243189	4.642285842803907	5.270958068964967	100	Tumor_Suppressor
7	300-1000	3906.0	1097.0	1.751419593768234	1.9139242170686122	2.0915067535589307	1000	Tumor_Suppressor
8	3000-10000	2003.0	75.0	1.2909683165483465	1.4472699069418076	1.6224954219942747	10000	Tumor_Suppressor
9	nan			0.8507430862509062	1.1694795332161159	1.6076326692686387		Tumor_Suppressor
0	1-3	37.0	34.0	0.3922125522792154	0.8464550103288033	1.8267800975443267	1	SpecificDriverGenes
1	10-30	7933.0	1693.0	1.2782384357567425	1.3522024827499688	1.4304463887230083	10	SpecificDriverGenes
2	100-300	88012.0	2449.0	1.1163905303457051	1.1351222585559249	1.1541682832710003	100	SpecificDriverGenes
3	1000-3000	117176.0	378.0	1.0676643488382918	1.0823718362462253	1.0972819249549233	1000	SpecificDriverGenes
4	10000-30000	84732.0	34.0	1.0708060733263436	1.089304497536765	1.1081224863320283	10000	SpecificDriverGenes
5	3-10	749.0	362.0	1.2810627064664724	1.5535760490838435	1.8840596390041997	3	SpecificDriverGenes
6	30-100	49920.0	3955.0	1.2182544528447203	1.2454398582451087	1.2732319072453278	30	SpecificDriverGenes
7	300-1000	125907.0	1170.0	1.088911795232634	1.1039790968970637	1.119254885218026	300	SpecificDriverGenes
8	3000-10000	76846.0	75.0	1.0648106848464811	1.083289344937688	1.1020886825762048	3000	SpecificDriverGenes
9	nan			1.01419443422236	1.057528412076666	1.102713941835925	nan	SpecificDriverGenes
0	1-3	37.0	34.0	0.3922125522792154	0.8464550103288033	1.8267800975443267	3	SpecificDriverGenes
1	10-30	7933.0	1693.0	1.2782384357567425	1.3522024827499688	1.4304463887230083	30	SpecificDriverGenes
2	100-300	88012.0	2449.0	1.1163905303457051	1.1351222585559249	1.1541682832710003	300	SpecificDriverGenes
3	1000-3000	117176.0	378.0	1.0676643488382918	1.0823718362462253	1.0972819249549233	3000	SpecificDriverGenes
4	10000-30000	84732.0	34.0	1.0708060733263436	1.089304497536765	1.1081224863320283	30000	SpecificDriverGenes
5	3-10	749.0	362.0	1.2810627064664724	1.5535760490838435	1.8840596390041997	10	SpecificDriverGenes
6	30-100	49920.0	3955.0	1.2182544528447203	1.2454398582451087	1.2732319072453278	100	SpecificDriverGenes
7	300-1000	125907.0	1170.0	1.088911795232634	1.1039790968970637	1.119254885218026	1000	SpecificDriverGenes
8	3000-10000	76846.0	75.0	1.0648106848464811	1.083289344937688	1.1020886825762048	10000	SpecificDriverGenes
9	nan			1.01419443422236	1.057528412076666	1.102713941835925		SpecificDriverGenes
