les	xbin	pancancerDriver_Bailey	NumMutsInBin	NumPatientsInBin	low	true	high
0	1-3	False	92.0	82	0.38235294117647056	0.4673913043478261	0.5542168674698795
1	1-3	True	10.0	13	0.5384615384615384	0.8	1.0
2	3-10	False	1822.0	425	0.5066518847006651	0.531284302963776	0.5520777118186724
3	3-10	True	284.0	244	0.7368421052631579	0.7887323943661971	0.8376383763837638
4	10-30	False	21784.0	1718	0.5420475715956847	0.5480627983841352	0.5529547553093259
5	10-30	True	1998.0	1285	0.7657378740970072	0.7882882882882883	0.8062999529854254
6	30-100	False	148801.0	3956	0.5442620187008002	0.5464546609229777	0.5487647165247225
7	30-100	True	8963.0	3684	0.7308710033076075	0.7385919892893005	0.7471616712079927
8	100-300	False	260723.0	2449	0.550801624497356	0.5527820713937781	0.5548894197426215
9	100-300	True	11315.0	2439	0.6826189850118327	0.6912063632346442	0.6975891465762215
10	300-1000	False	382342.0	1170	0.5622061555254027	0.5643873809312082	0.5659370037696712
11	300-1000	True	13669.0	1170	0.6527150159271057	0.6611310264101251	0.6676689576174112
12	1000-3000	False	366523.0	378	0.5669902697553871	0.570812745721278	0.574299101313465
13	1000-3000	True	11639.0	378	0.636536239062242	0.6436979121917691	0.6539945422038205
14	3000-10000	False	250545.0	75	0.55693759113566	0.5614121215749666	0.5654611111622894
15	3000-10000	True	7334.0	75	0.6170132325141777	0.6278974638669211	0.6367855398143625
16	10000-30000	False	304671.0	34	0.5561177733323349	0.55870758949818	0.5613996322787261
17	10000-30000	True	9286.0	34	0.6274159976211716	0.6356881326728409	0.6451831750339213
