,xbin,NumMutsInBin,NumPatientsInBin,low,true,high,Bin,Group
0,0.999-11.0,4180,584,0.9877905491921583,1.0623720765299847,1.1425847614290896,0.999,All
1,100.0-118.0,55761,512,1.0315732696517645,1.0526744882626868,1.0742073402243029,100.0,All
2,11.0-17.0,6357,440,1.0241793177428749,1.0871035295047016,1.1538937209414288,11.0,All
3,118.0-143.0,65204,500,1.0376406180990758,1.0572358156450485,1.0772010563063044,118.0,All
4,143.0-177.0,82753,520,1.0255561759875846,1.0427966321391426,1.0603269147626906,143.0,All
5,17.0-22.35,8980,446,1.0948593779719522,1.151281973559892,1.210612256981476,17.0,All
6,177.0-232.0,100813,496,1.0154287355769134,1.0309015284945109,1.046610091104538,177.0,All
7,22.35-29.0,15082,581,1.0644075755407654,1.106147870884378,1.149524994352299,22.35,All
8,232.0-323.0,138955,508,1.013860416300203,1.0271494900756268,1.0406127490534407,232.0,All
9,29.0-34.25,13938,436,1.1209421918807978,1.1673209932818065,1.2156187100693305,29.0,All
10,323.0-491.0,204997,512,1.0050248133581625,1.0158010909548898,1.0266929161055665,323.0,All
11,34.25-41.0,20060,529,1.0780894582625433,1.1147525854328615,1.1526625338976508,34.25,All
12,41.0-48.0,22163,493,1.054989252500908,1.0890253112002224,1.1241594410780225,41.0,All
13,48.0-56.0,27317,521,1.083301810073043,1.115012345362456,1.1476511150912385,48.0,All
14,491.0-941.1,100892,186,1.006103753651583,1.0212505583711602,1.0366253969216221,491.0,All
15,56.0-65.0,32974,541,1.0539299809045388,1.0819318940171863,1.1106777912200245,56.0,All
16,65.0-74.0,33888,485,1.0655705992844564,1.0936013224221413,1.1223694171053142,65.0,All
17,74.0-85.0,39811,499,1.059776032861433,1.0854786527828235,1.1118046352358615,74.0,All
18,85.0-100.0,47055,508,1.0316576182061483,1.0545687568966573,1.0779887080718822,85.0,All
0,0.999-11.0,4180,584,0.9877905491921583,1.0623720765299847,1.1425847614290896,11.0,All
1,100.0-118.0,55761,512,1.0315732696517645,1.0526744882626868,1.0742073402243029,118.0,All
2,11.0-17.0,6357,440,1.0241793177428749,1.0871035295047016,1.1538937209414288,17.0,All
3,118.0-143.0,65204,500,1.0376406180990758,1.0572358156450485,1.0772010563063044,143.0,All
4,143.0-177.0,82753,520,1.0255561759875846,1.0427966321391426,1.0603269147626906,177.0,All
5,17.0-22.35,8980,446,1.0948593779719522,1.151281973559892,1.210612256981476,22.35,All
6,177.0-232.0,100813,496,1.0154287355769134,1.0309015284945109,1.046610091104538,232.0,All
7,22.35-29.0,15082,581,1.0644075755407654,1.106147870884378,1.149524994352299,29.0,All
8,232.0-323.0,138955,508,1.013860416300203,1.0271494900756268,1.0406127490534407,323.0,All
9,29.0-34.25,13938,436,1.1209421918807978,1.1673209932818065,1.2156187100693305,34.25,All
10,323.0-491.0,204997,512,1.0050248133581625,1.0158010909548898,1.0266929161055665,491.0,All
11,34.25-41.0,20060,529,1.0780894582625433,1.1147525854328615,1.1526625338976508,41.0,All
12,41.0-48.0,22163,493,1.054989252500908,1.0890253112002224,1.1241594410780225,48.0,All
13,48.0-56.0,27317,521,1.083301810073043,1.115012345362456,1.1476511150912385,56.0,All
14,491.0-941.1,100892,186,1.006103753651583,1.0212505583711602,1.0366253969216221,941.1,All
15,56.0-65.0,32974,541,1.0539299809045388,1.0819318940171863,1.1106777912200245,65.0,All
16,65.0-74.0,33888,485,1.0655705992844564,1.0936013224221413,1.1223694171053142,74.0,All
17,74.0-85.0,39811,499,1.059776032861433,1.0854786527828235,1.1118046352358615,85.0,All
18,85.0-100.0,47055,508,1.0316576182061483,1.0545687568966573,1.0779887080718822,100.0,All
0,0.999-11.0,3785,583,0.9100853078374149,0.9809247679320264,1.057278248595128,0.999,Passengers
1,100.0-118.0,53282,512,1.0061021562336192,1.027059078759338,1.0484525301196566,100.0,Passengers
2,11.0-17.0,5872,440,0.9691122148089817,1.0301762871389044,1.0950880263050653,11.0,Passengers
3,118.0-143.0,62316,500,1.0134924884372967,1.0329852650989502,1.052852951635434,118.0,Passengers
4,143.0-177.0,79349,520,1.003292554796222,1.0204490483991737,1.0378989213074348,143.0,Passengers
5,17.0-22.35,8339,446,1.0380306588094623,1.0928518254664776,1.1505682440971516,17.0,Passengers
6,177.0-232.0,96795,496,0.995674378082817,1.0111045576416318,1.0267738620051603,177.0,Passengers
7,22.35-29.0,14062,581,1.0094713345913398,1.0500174805519524,1.092192191778289,22.35,Passengers
8,232.0-323.0,133718,508,0.9979180239395734,1.011215261187516,1.0246896838496773,232.0,Passengers
9,29.0-34.25,12978,436,1.0574526882686737,1.1022635883995444,1.1489734073121403,29.0,Passengers
10,323.0-491.0,197876,512,0.9912012388914909,1.0019924326202112,1.012901109920906,323.0,Passengers
11,34.25-41.0,18810,529,1.0316104781395012,1.0675114276939712,1.1046617617847798,34.25,Passengers
12,41.0-48.0,20896,493,1.0177980432838136,1.0513823785054444,1.0860748977914105,41.0,Passengers
13,48.0-56.0,25743,521,1.0422030540227996,1.0733844192387372,1.1054986905068849,48.0,Passengers
14,491.0-941.1,97421,186,0.9955579016687355,1.0107813971035626,1.0262376814227587,491.0,Passengers
15,56.0-65.0,31266,541,1.0235014879694637,1.0512593050697656,1.0797699265569987,56.0,Passengers
16,65.0-74.0,32220,485,1.035241002427568,1.0630198052429631,1.0915440015310347,65.0,Passengers
17,74.0-85.0,37892,499,1.0236088176094982,1.048878262737183,1.0747715251338053,74.0,Passengers
18,85.0-100.0,44895,508,1.0040765703651566,1.026792230172293,1.0500217962050131,85.0,Passengers
0,0.999-11.0,3785,583,0.9100853078374149,0.9809247679320264,1.057278248595128,11.0,Passengers
1,100.0-118.0,53282,512,1.0061021562336192,1.027059078759338,1.0484525301196566,118.0,Passengers
2,11.0-17.0,5872,440,0.9691122148089817,1.0301762871389044,1.0950880263050653,17.0,Passengers
3,118.0-143.0,62316,500,1.0134924884372967,1.0329852650989502,1.052852951635434,143.0,Passengers
4,143.0-177.0,79349,520,1.003292554796222,1.0204490483991737,1.0378989213074348,177.0,Passengers
5,17.0-22.35,8339,446,1.0380306588094623,1.0928518254664776,1.1505682440971516,22.35,Passengers
6,177.0-232.0,96795,496,0.995674378082817,1.0111045576416318,1.0267738620051603,232.0,Passengers
7,22.35-29.0,14062,581,1.0094713345913398,1.0500174805519524,1.092192191778289,29.0,Passengers
8,232.0-323.0,133718,508,0.9979180239395734,1.011215261187516,1.0246896838496773,323.0,Passengers
9,29.0-34.25,12978,436,1.0574526882686737,1.1022635883995444,1.1489734073121403,34.25,Passengers
10,323.0-491.0,197876,512,0.9912012388914909,1.0019924326202112,1.012901109920906,491.0,Passengers
11,34.25-41.0,18810,529,1.0316104781395012,1.0675114276939712,1.1046617617847798,41.0,Passengers
12,41.0-48.0,20896,493,1.0177980432838136,1.0513823785054444,1.0860748977914105,48.0,Passengers
13,48.0-56.0,25743,521,1.0422030540227996,1.0733844192387372,1.1054986905068849,56.0,Passengers
14,491.0-941.1,97421,186,0.9955579016687355,1.0107813971035626,1.0262376814227587,941.1,Passengers
15,56.0-65.0,31266,541,1.0235014879694637,1.0512593050697656,1.0797699265569987,65.0,Passengers
16,65.0-74.0,32220,485,1.035241002427568,1.0630198052429631,1.0915440015310347,74.0,Passengers
17,74.0-85.0,37892,499,1.0236088176094982,1.048878262737183,1.0747715251338053,85.0,Passengers
18,85.0-100.0,44895,508,1.0040765703651566,1.026792230172293,1.0500217962050131,100.0,Passengers
0,0.999-11.0,395,297,2.571456499277737,3.744067253818296,5.451400638140999,0.999,Drivers_Bailey
1,100.0-118.0,2479,508,1.7512765052363006,1.9598659553432536,2.1932998880695003,100.0,Drivers_Bailey
2,11.0-17.0,485,295,2.1518041361212963,2.9349802926880106,4.003203253430974,11.0,Drivers_Bailey
3,118.0-143.0,2888,498,1.7053570237354605,1.8901351493303133,2.09493427652374,118.0,Drivers_Bailey
4,143.0-177.0,3404,516,1.6981448754130002,1.867079500654811,2.0528200580752003,143.0,Drivers_Bailey
5,17.0-22.35,641,324,2.3457267072785153,3.0516023796239864,3.9698900363933576,17.0,Drivers_Bailey
6,177.0-232.0,4018,496,1.6058775998299633,1.7497078195378022,1.9064201742871882,177.0,Drivers_Bailey
7,22.35-29.0,1020,466,2.4383066809237697,2.9869045235634415,3.6589321198528397,22.35,Drivers_Bailey
8,232.0-323.0,5237,508,1.4823904533565408,1.5963426423977733,1.7190544003892017,232.0,Drivers_Bailey
9,29.0-34.25,960,381,2.762157554913863,3.430940764484264,4.261652094558723,29.0,Drivers_Bailey
10,323.0-491.0,7121,512,1.4511137097230922,1.5453088428003525,1.645618398914203,323.0,Drivers_Bailey
11,34.25-41.0,1250,463,2.200754006752627,2.6182205953301305,3.1148774759819853,34.25,Drivers_Bailey
12,41.0-48.0,1267,449,1.8911622032838675,2.2239513487107367,2.615301634541977,41.0,Drivers_Bailey
13,48.0-56.0,1574,484,2.104890581397954,2.447349969847502,2.845526474318989,48.0,Drivers_Bailey
14,491.0-941.1,3471,186,1.2815687769074078,1.397533440190435,1.523991339086456,491.0,Drivers_Bailey
15,56.0-65.0,1708,510,1.7881376658201233,2.052627701679698,2.3562394340429447,56.0,Drivers_Bailey
16,65.0-74.0,1668,457,1.8247291395967289,2.096277411565761,2.4082363189596565,65.0,Drivers_Bailey
17,74.0-85.0,1919,483,2.258451102408231,2.5987795042211896,2.9903923553441447,74.0,Drivers_Bailey
18,85.0-100.0,2160,498,1.8003513177616468,2.032074035215626,2.2936217191939257,85.0,Drivers_Bailey
0,0.999-11.0,395,297,2.571456499277737,3.744067253818296,5.451400638140999,11.0,Drivers_Bailey
1,100.0-118.0,2479,508,1.7512765052363006,1.9598659553432536,2.1932998880695003,118.0,Drivers_Bailey
2,11.0-17.0,485,295,2.1518041361212963,2.9349802926880106,4.003203253430974,17.0,Drivers_Bailey
3,118.0-143.0,2888,498,1.7053570237354605,1.8901351493303133,2.09493427652374,143.0,Drivers_Bailey
4,143.0-177.0,3404,516,1.6981448754130002,1.867079500654811,2.0528200580752003,177.0,Drivers_Bailey
5,17.0-22.35,641,324,2.3457267072785153,3.0516023796239864,3.9698900363933576,22.35,Drivers_Bailey
6,177.0-232.0,4018,496,1.6058775998299633,1.7497078195378022,1.9064201742871882,232.0,Drivers_Bailey
7,22.35-29.0,1020,466,2.4383066809237697,2.9869045235634415,3.6589321198528397,29.0,Drivers_Bailey
8,232.0-323.0,5237,508,1.4823904533565408,1.5963426423977733,1.7190544003892017,323.0,Drivers_Bailey
9,29.0-34.25,960,381,2.762157554913863,3.430940764484264,4.261652094558723,34.25,Drivers_Bailey
10,323.0-491.0,7121,512,1.4511137097230922,1.5453088428003525,1.645618398914203,491.0,Drivers_Bailey
11,34.25-41.0,1250,463,2.200754006752627,2.6182205953301305,3.1148774759819853,41.0,Drivers_Bailey
12,41.0-48.0,1267,449,1.8911622032838675,2.2239513487107367,2.615301634541977,48.0,Drivers_Bailey
13,48.0-56.0,1574,484,2.104890581397954,2.447349969847502,2.845526474318989,56.0,Drivers_Bailey
14,491.0-941.1,3471,186,1.2815687769074078,1.397533440190435,1.523991339086456,941.1,Drivers_Bailey
15,56.0-65.0,1708,510,1.7881376658201233,2.052627701679698,2.3562394340429447,65.0,Drivers_Bailey
16,65.0-74.0,1668,457,1.8247291395967289,2.096277411565761,2.4082363189596565,74.0,Drivers_Bailey
17,74.0-85.0,1919,483,2.258451102408231,2.5987795042211896,2.9903923553441447,85.0,Drivers_Bailey
18,85.0-100.0,2160,498,1.8003513177616468,2.032074035215626,2.2936217191939257,100.0,Drivers_Bailey
