,xbin,NumMutsInBin,NumPatientsInBin,low,true,high,Bin,Group
0,1-3,1,1,inf,inf,inf,1,Pseudo
1,3-10,19,19,0.4247787610619469,1.0610526315789472,4.81764705882353,3,Pseudo
2,10-30,313,268,0.8229223248234655,1.126110151720735,1.5232381206620398,10,Pseudo
3,30-100,2313,1634,0.9316208812466222,1.0234778214131544,1.1233888448467202,30,Pseudo
4,100-300,4751,1900,1.0077889283869421,1.0621514417413385,1.1186487369846383,100,Pseudo
5,300-1000,7400,1132,1.0124527471677647,1.059394961499873,1.1136754015448056,300,Pseudo
6,1000-3000,5901,377,1.0031309901314895,1.0624533679541321,1.1228797951207987,1000,Pseudo
7,3000-10000,3749,75,0.9344634385923712,1.0133292957571345,1.0862015181671762,3000,Pseudo
8,10000-30000,3612,34,0.9267322450205643,0.9969215650041158,1.1163603800714628,10000,Pseudo
0,1-3,1,1,inf,inf,inf,3,Pseudo
1,3-10,19,19,0.4247787610619469,1.0610526315789472,4.81764705882353,10,Pseudo
2,10-30,313,268,0.8229223248234655,1.126110151720735,1.5232381206620398,30,Pseudo
3,30-100,2313,1634,0.9316208812466222,1.0234778214131544,1.1233888448467202,100,Pseudo
4,100-300,4751,1900,1.0077889283869421,1.0621514417413385,1.1186487369846383,300,Pseudo
5,300-1000,7400,1132,1.0124527471677647,1.059394961499873,1.1136754015448056,1000,Pseudo
6,1000-3000,5901,377,1.0031309901314895,1.0624533679541321,1.1228797951207987,3000,Pseudo
7,3000-10000,3749,75,0.9344634385923712,1.0133292957571345,1.0862015181671762,10000,Pseudo
8,10000-30000,3612,34,0.9267322450205643,0.9969215650041158,1.1163603800714628,30000,Pseudo
0,1-3,1,1,inf,inf,inf,1,PseudoNoEssential
1,3-10,19,19,0.453781512605042,1.0610526315789472,3.947368421052632,3,PseudoNoEssential
2,10-30,312,268,0.8227013682800641,1.1255269553141893,1.5868322981366458,10,PseudoNoEssential
3,30-100,2297,1625,0.9319795596980227,1.0233264306906071,1.139633431978709,30,PseudoNoEssential
4,100-300,4724,1896,0.9930618254200949,1.064056385320577,1.1182422912764292,100,PseudoNoEssential
5,300-1000,7353,1132,1.021289180592632,1.0640073893567215,1.110278764440543,300,PseudoNoEssential
6,1000-3000,5876,377,1.0128597438135933,1.0680671045777768,1.1333642584614403,1000,PseudoNoEssential
7,3000-10000,3724,75,0.9442823792695543,1.0135062059957038,1.1001362887146342,3000,PseudoNoEssential
8,10000-30000,3584,34,0.9116853370025096,0.9976277688316336,1.0883670534898355,10000,PseudoNoEssential
0,1-3,1,1,inf,inf,inf,3,PseudoNoEssential
1,3-10,19,19,0.453781512605042,1.0610526315789472,3.947368421052632,10,PseudoNoEssential
2,10-30,312,268,0.8227013682800641,1.1255269553141893,1.5868322981366458,30,PseudoNoEssential
3,30-100,2297,1625,0.9319795596980227,1.0233264306906071,1.139633431978709,100,PseudoNoEssential
4,100-300,4724,1896,0.9930618254200949,1.064056385320577,1.1182422912764292,300,PseudoNoEssential
5,300-1000,7353,1132,1.021289180592632,1.0640073893567215,1.110278764440543,1000,PseudoNoEssential
6,1000-3000,5876,377,1.0128597438135933,1.0680671045777768,1.1333642584614403,3000,PseudoNoEssential
7,3000-10000,3724,75,0.9442823792695543,1.0135062059957038,1.1001362887146342,10000,PseudoNoEssential
8,10000-30000,3584,34,0.9116853370025096,0.9976277688316336,1.0883670534898355,30000,PseudoNoEssential
0,1-3,1,1,inf,inf,inf,1,PseudoNoDrivers
1,3-10,19,19,0.4247787610619469,1.0610526315789472,4.81764705882353,3,PseudoNoDrivers
2,10-30,313,268,0.8229223248234655,1.126110151720735,1.5232381206620398,10,PseudoNoDrivers
3,30-100,2313,1634,0.9316208812466222,1.0234778214131544,1.1233888448467202,30,PseudoNoDrivers
4,100-300,4751,1900,1.0077889283869421,1.0621514417413385,1.1186487369846383,100,PseudoNoDrivers
5,300-1000,7400,1132,1.0124527471677647,1.059394961499873,1.1136754015448056,300,PseudoNoDrivers
6,1000-3000,5901,377,1.0031309901314895,1.0624533679541321,1.1228797951207987,1000,PseudoNoDrivers
7,3000-10000,3749,75,0.9344634385923712,1.0133292957571345,1.0862015181671762,3000,PseudoNoDrivers
8,10000-30000,3612,34,0.9267322450205643,0.9969215650041158,1.1163603800714628,10000,PseudoNoDrivers
0,1-3,1,1,inf,inf,inf,3,PseudoNoDrivers
1,3-10,19,19,0.4247787610619469,1.0610526315789472,4.81764705882353,10,PseudoNoDrivers
2,10-30,313,268,0.8229223248234655,1.126110151720735,1.5232381206620398,30,PseudoNoDrivers
3,30-100,2313,1634,0.9316208812466222,1.0234778214131544,1.1233888448467202,100,PseudoNoDrivers
4,100-300,4751,1900,1.0077889283869421,1.0621514417413385,1.1186487369846383,300,PseudoNoDrivers
5,300-1000,7400,1132,1.0124527471677647,1.059394961499873,1.1136754015448056,1000,PseudoNoDrivers
6,1000-3000,5901,377,1.0031309901314895,1.0624533679541321,1.1228797951207987,3000,PseudoNoDrivers
7,3000-10000,3749,75,0.9344634385923712,1.0133292957571345,1.0862015181671762,10000,PseudoNoDrivers
8,10000-30000,3612,34,0.9267322450205643,0.9969215650041158,1.1163603800714628,30000,PseudoNoDrivers
