,xbin,NumMutsInBin,NumPatientsInBin,low,true,high,Bin,Group
0,1-3,1.0,1.0,,,,1,Pseudo
1,10-30,313.0,268.0,0.7396673587144604,0.9635296947184139,1.2551445750123378,10,Pseudo
2,100-300,4751.0,1900.0,0.8583566246459904,0.9192441780541002,0.9844507919244677,100,Pseudo
3,1000-3000,5901.0,377.0,0.8057595267025625,0.8543626430056206,0.9058974812878599,1000,Pseudo
4,10000-30000,3612.0,34.0,0.9762588376416187,1.059855429476512,1.1506103587286538,10000,Pseudo
5,3-10,19.0,19.0,0.3977306113891314,1.1509548133194802,3.330638739815839,3,Pseudo
6,30-100,2313.0,1634.0,0.9294694789802769,1.0253265440476864,1.1310694387535458,30,Pseudo
7,300-1000,7400.0,1132.0,0.8132046293464698,0.8584666851767931,0.906247976171375,300,Pseudo
8,3000-10000,3749.0,75.0,0.7703905531806756,0.8289801999960531,0.8920256993654087,3000,Pseudo
9,nan,,,0.6890255545909444,0.8203969056243551,0.9768158499688578,nan,Pseudo
0,1-3,1.0,1.0,,,,3,Pseudo
1,10-30,313.0,268.0,0.7396673587144604,0.9635296947184139,1.2551445750123378,30,Pseudo
2,100-300,4751.0,1900.0,0.8583566246459904,0.9192441780541002,0.9844507919244677,300,Pseudo
3,1000-3000,5901.0,377.0,0.8057595267025625,0.8543626430056206,0.9058974812878599,3000,Pseudo
4,10000-30000,3612.0,34.0,0.9762588376416187,1.059855429476512,1.1506103587286538,30000,Pseudo
5,3-10,19.0,19.0,0.3977306113891314,1.1509548133194802,3.330638739815839,10,Pseudo
6,30-100,2313.0,1634.0,0.9294694789802769,1.0253265440476864,1.1310694387535458,100,Pseudo
7,300-1000,7400.0,1132.0,0.8132046293464698,0.8584666851767931,0.906247976171375,1000,Pseudo
8,3000-10000,3749.0,75.0,0.7703905531806756,0.8289801999960531,0.8920256993654087,10000,Pseudo
9,nan,,,0.6890255545909444,0.8203969056243551,0.9768158499688578,,Pseudo
0,1-3,1.0,1.0,,,,1,PseudoNoEssential
1,10-30,312.0,268.0,0.7368427231294753,0.9600816949178045,1.250954690848289,10,PseudoNoEssential
2,100-300,4724.0,1896.0,0.8598494511230995,0.921047911397664,0.9866020778194912,100,PseudoNoEssential
3,1000-3000,5876.0,377.0,0.8080578218308259,0.8569223003222867,0.9087416877246377,1000,PseudoNoEssential
4,10000-30000,3584.0,34.0,0.9827413210368464,1.067430303774737,1.159417467268487,10000,PseudoNoEssential
5,3-10,19.0,19.0,0.3977306113891314,1.1509548133194802,3.330638739815839,3,PseudoNoEssential
6,30-100,2297.0,1625.0,0.9258099097020953,1.0215207993179864,1.1271263490526193,30,PseudoNoEssential
7,300-1000,7353.0,1132.0,0.8108946811593339,0.8561394509014341,0.9039087028439711,300,PseudoNoEssential
8,3000-10000,3724.0,75.0,0.7685297842214284,0.8271381850142602,0.8902160868127986,3000,PseudoNoEssential
9,nan,,,0.6867031996291192,0.8177301258910944,0.9737577444680804,nan,PseudoNoEssential
0,1-3,1.0,1.0,,,,3,PseudoNoEssential
1,10-30,312.0,268.0,0.7368427231294753,0.9600816949178045,1.250954690848289,30,PseudoNoEssential
2,100-300,4724.0,1896.0,0.8598494511230995,0.921047911397664,0.9866020778194912,300,PseudoNoEssential
3,1000-3000,5876.0,377.0,0.8080578218308259,0.8569223003222867,0.9087416877246377,3000,PseudoNoEssential
4,10000-30000,3584.0,34.0,0.9827413210368464,1.067430303774737,1.159417467268487,30000,PseudoNoEssential
5,3-10,19.0,19.0,0.3977306113891314,1.1509548133194802,3.330638739815839,10,PseudoNoEssential
6,30-100,2297.0,1625.0,0.9258099097020953,1.0215207993179864,1.1271263490526193,100,PseudoNoEssential
7,300-1000,7353.0,1132.0,0.8108946811593339,0.8561394509014341,0.9039087028439711,1000,PseudoNoEssential
8,3000-10000,3724.0,75.0,0.7685297842214284,0.8271381850142602,0.8902160868127986,10000,PseudoNoEssential
9,nan,,,0.6867031996291192,0.8177301258910944,0.9737577444680804,,PseudoNoEssential
0,1-3,1.0,1.0,,,,1,PseudoNoDrivers
1,10-30,313.0,268.0,0.7396673587144604,0.9635296947184139,1.2551445750123378,10,PseudoNoDrivers
2,100-300,4751.0,1900.0,0.8583566246459904,0.9192441780541002,0.9844507919244677,100,PseudoNoDrivers
3,1000-3000,5901.0,377.0,0.8057595267025625,0.8543626430056206,0.9058974812878599,1000,PseudoNoDrivers
4,10000-30000,3612.0,34.0,0.9762588376416187,1.059855429476512,1.1506103587286538,10000,PseudoNoDrivers
5,3-10,19.0,19.0,0.3977306113891314,1.1509548133194802,3.330638739815839,3,PseudoNoDrivers
6,30-100,2313.0,1634.0,0.9294694789802769,1.0253265440476864,1.1310694387535458,30,PseudoNoDrivers
7,300-1000,7400.0,1132.0,0.8132046293464698,0.8584666851767931,0.906247976171375,300,PseudoNoDrivers
8,3000-10000,3749.0,75.0,0.7703905531806756,0.8289801999960531,0.8920256993654087,3000,PseudoNoDrivers
9,nan,,,0.6890255545909444,0.8203969056243551,0.9768158499688578,nan,PseudoNoDrivers
0,1-3,1.0,1.0,,,,3,PseudoNoDrivers
1,10-30,313.0,268.0,0.7396673587144604,0.9635296947184139,1.2551445750123378,30,PseudoNoDrivers
2,100-300,4751.0,1900.0,0.8583566246459904,0.9192441780541002,0.9844507919244677,300,PseudoNoDrivers
3,1000-3000,5901.0,377.0,0.8057595267025625,0.8543626430056206,0.9058974812878599,3000,PseudoNoDrivers
4,10000-30000,3612.0,34.0,0.9762588376416187,1.059855429476512,1.1506103587286538,30000,PseudoNoDrivers
5,3-10,19.0,19.0,0.3977306113891314,1.1509548133194802,3.330638739815839,10,PseudoNoDrivers
6,30-100,2313.0,1634.0,0.9294694789802769,1.0253265440476864,1.1310694387535458,100,PseudoNoDrivers
7,300-1000,7400.0,1132.0,0.8132046293464698,0.8584666851767931,0.906247976171375,1000,PseudoNoDrivers
8,3000-10000,3749.0,75.0,0.7703905531806756,0.8289801999960531,0.8920256993654087,10000,PseudoNoDrivers
9,nan,,,0.6890255545909444,0.8203969056243551,0.9768158499688578,,PseudoNoDrivers
