,xbin,NumMutsInBin,NumPatientsInBin,low,true,high,Bin,Group
0,1-3,226,122,0.5146304722637406,0.8388527323024836,1.2510016817168523,1,Passengers
1,3-10,3723,569,0.9609091355933438,1.0778366678002302,1.1971445872978026,3,Passengers
2,10-30,34769,1837,1.006789870198875,1.04017462328381,1.073276872699877,10,Passengers
3,30-100,220363,3917,0.9850062520952432,0.997728566261713,1.0104829823658865,30,Passengers
4,100-300,379764,2338,0.9515201889009135,0.9610395832239438,0.9705603598912698,100,Passengers
5,300-1000,499780,997,0.9509235246730031,0.958719082895713,0.966695106435799,300,Passengers
6,1000-3000,424506,291,0.9554133560293455,0.96354091336891,0.9716437925994962,1000,Passengers
7,3000-10000,375789,67,0.908274809718807,0.9174492830180097,0.926682659151442,3000,Passengers
8,10000-30000,352144,27,0.8992625868777777,0.9082665288572512,0.9173738822558735,10000,Passengers
0,1-3,226,122,0.5146304722637406,0.8388527323024836,1.2510016817168523,3,Passengers
1,3-10,3723,569,0.9609091355933438,1.0778366678002302,1.1971445872978026,10,Passengers
2,10-30,34769,1837,1.006789870198875,1.04017462328381,1.073276872699877,30,Passengers
3,30-100,220363,3917,0.9850062520952432,0.997728566261713,1.0104829823658865,100,Passengers
4,100-300,379764,2338,0.9515201889009135,0.9610395832239438,0.9705603598912698,300,Passengers
5,300-1000,499780,997,0.9509235246730031,0.958719082895713,0.966695106435799,1000,Passengers
6,1000-3000,424506,291,0.9554133560293455,0.96354091336891,0.9716437925994962,3000,Passengers
7,3000-10000,375789,67,0.908274809718807,0.9174492830180097,0.926682659151442,10000,Passengers
8,10000-30000,352144,27,0.8992625868777777,0.9082665288572512,0.9173738822558735,30000,Passengers
0,1-3,36,33,6.492671808454634,18.161083392729864,23.946039111033308,1,Drivers_Bailey
1,3-10,443,337,2.6745625936433246,4.167256263456307,5.912280785685736,3,Drivers_Bailey
2,10-30,2835,1427,2.740553627086585,3.114871032210568,3.504837801138614,10,Drivers_Bailey
3,30-100,11992,3669,1.8677964745056916,1.9644200980602589,2.0635734911292984,30,Drivers_Bailey
4,100-300,15927,2331,1.468326881195757,1.528259863130273,1.5893836064910096,100,Drivers_Bailey
5,300-1000,17189,997,1.2420911068765939,1.2877347806749382,1.3341852777305154,300,Drivers_Bailey
6,1000-3000,13272,291,1.1246528197702326,1.1688298306135154,1.2132905104512075,1000,Drivers_Bailey
7,3000-10000,11392,67,0.9394603696585343,0.9815279838100076,1.023820057252949,3000,Drivers_Bailey
8,10000-30000,10830,27,0.9309387927396447,0.9731354860187564,1.0166449809343316,10000,Drivers_Bailey
0,1-3,36,33,6.492671808454634,18.161083392729864,23.946039111033308,3,Drivers_Bailey
1,3-10,443,337,2.6745625936433246,4.167256263456307,5.912280785685736,10,Drivers_Bailey
2,10-30,2835,1427,2.740553627086585,3.114871032210568,3.504837801138614,30,Drivers_Bailey
3,30-100,11992,3669,1.8677964745056916,1.9644200980602589,2.0635734911292984,100,Drivers_Bailey
4,100-300,15927,2331,1.468326881195757,1.528259863130273,1.5893836064910096,300,Drivers_Bailey
5,300-1000,17189,997,1.2420911068765939,1.2877347806749382,1.3341852777305154,1000,Drivers_Bailey
6,1000-3000,13272,291,1.1246528197702326,1.1688298306135154,1.2132905104512075,3000,Drivers_Bailey
7,3000-10000,11392,67,0.9394603696585343,0.9815279838100076,1.023820057252949,10000,Drivers_Bailey
8,10000-30000,10830,27,0.9309387927396447,0.9731354860187564,1.0166449809343316,30000,Drivers_Bailey
