,xbin,NumMutsInBin,NumPatientsInBin,low,true,high,Bin,Group
0,1-3,262,127,0.8854909875916726,1.2023591518372057,1.6326168761339521,1,All
1,10-30,37604,1837,1.1477977623677253,1.176535534270676,1.2059928227653325,10,All
2,100-300,395691,2338,1.0611109782990873,1.0691922149267732,1.077334996846863,100,All
3,1000-3000,437778,291,1.0386272895055069,1.0457516567263445,1.052924892881024,1000,All
4,10000-30000,362974,27,1.0725304216951437,1.0811463216081938,1.0898314351582747,10000,All
5,3-10,4166,569,1.135178738571633,1.2242972125762137,1.320412031860216,3,All
6,30-100,232355,3917,1.1044114576199657,1.115385852475179,1.1264692984830287,30,All
7,300-1000,516969,997,1.0362963478670468,1.0430209128108883,1.0497891137028605,300,All
8,3000-10000,387181,67,1.0831570316209382,1.09158056177267,1.1000696003023613,3000,All
0,1-3,262,127,0.8854909875916726,1.2023591518372057,1.6326168761339521,3,All
1,10-30,37604,1837,1.1477977623677253,1.176535534270676,1.2059928227653325,30,All
2,100-300,395691,2338,1.0611109782990873,1.0691922149267732,1.077334996846863,300,All
3,1000-3000,437778,291,1.0386272895055069,1.0457516567263445,1.052924892881024,3000,All
4,10000-30000,362974,27,1.0725304216951437,1.0811463216081938,1.0898314351582747,30000,All
5,3-10,4166,569,1.135178738571633,1.2242972125762137,1.320412031860216,10,All
6,30-100,232355,3917,1.1044114576199657,1.115385852475179,1.1264692984830287,100,All
7,300-1000,516969,997,1.0362963478670468,1.0430209128108883,1.0497891137028605,1000,All
8,3000-10000,387181,67,1.0831570316209382,1.09158056177267,1.1000696003023613,10000,All
0,1-3,226,122,0.7541221816738737,1.0356520405999432,1.422282987112386,1,Passengers
1,10-30,34769,1837,1.0793750174618886,1.1070768287479358,1.1354895980755473,10,Passengers
2,100-300,379764,2338,1.0400626341423789,1.0481177055351452,1.0562351618007186,100,Passengers
3,1000-3000,424506,291,1.0318118366497258,1.038990674881647,1.0462194599319024,1000,Passengers
4,10000-30000,352144,27,1.068579212521226,1.0772885473994847,1.0860688667336758,10000,Passengers
5,3-10,3723,569,1.039194818400274,1.1234322814274593,1.214498060042457,3,Passengers
6,30-100,220363,3917,1.068961157641465,1.0797936776423682,1.0907359710328202,30,Passengers
7,300-1000,499780,997,1.0242228129345599,1.0309674271943388,1.0377564554438656,300,Passengers
8,3000-10000,375789,67,1.078269436407487,1.0867738586428033,1.0953453561332596,3000,Passengers
0,1-3,226,122,0.7541221816738737,1.0356520405999432,1.422282987112386,3,Passengers
1,10-30,34769,1837,1.0793750174618886,1.1070768287479358,1.1354895980755473,30,Passengers
2,100-300,379764,2338,1.0400626341423789,1.0481177055351452,1.0562351618007186,300,Passengers
3,1000-3000,424506,291,1.0318118366497258,1.038990674881647,1.0462194599319024,3000,Passengers
4,10000-30000,352144,27,1.068579212521226,1.0772885473994847,1.0860688667336758,30000,Passengers
5,3-10,3723,569,1.039194818400274,1.1234322814274593,1.214498060042457,10,Passengers
6,30-100,220363,3917,1.068961157641465,1.0797936776423682,1.0907359710328202,100,Passengers
7,300-1000,499780,997,1.0242228129345599,1.0309674271943388,1.0377564554438656,1000,Passengers
8,3000-10000,375789,67,1.078269436407487,1.0867738586428033,1.0953453561332596,10000,Passengers
0,1-3,40,36,0.9970575440374442,3.3300003090196073,11.121626955619565,1,Drivers_COSMIC
1,10-30,3282,1508,2.38939023677008,2.662577258097218,2.9669986703049678,10,Drivers_COSMIC
2,100-300,21517,2336,1.4315068120559344,1.4824899414160422,1.5352888354357788,100,Drivers_COSMIC
3,1000-3000,20166,291,1.138126194107921,1.1757283887722398,1.2145729105624021,1000,Drivers_COSMIC
4,10000-30000,16802,27,1.0604526008910657,1.1008604598457614,1.1428080340729085,10000,Drivers_COSMIC
5,3-10,489,355,2.1766147535892797,2.974727029037784,4.065487878686748,3,Drivers_COSMIC
6,30-100,15049,3775,1.7883863511010825,1.8696389393610815,1.9545831142264494,30,Drivers_COSMIC
7,300-1000,24866,997,1.2450008111953517,1.2839265666791546,1.3240693610808116,300,Drivers_COSMIC
8,3000-10000,17569,67,1.1295259042239454,1.1718691447501004,1.2157997326859526,3000,Drivers_COSMIC
0,1-3,40,36,0.9970575440374442,3.3300003090196073,11.121626955619565,3,Drivers_COSMIC
1,10-30,3282,1508,2.38939023677008,2.662577258097218,2.9669986703049678,30,Drivers_COSMIC
2,100-300,21517,2336,1.4315068120559344,1.4824899414160422,1.5352888354357788,300,Drivers_COSMIC
3,1000-3000,20166,291,1.138126194107921,1.1757283887722398,1.2145729105624021,3000,Drivers_COSMIC
4,10000-30000,16802,27,1.0604526008910657,1.1008604598457614,1.1428080340729085,30000,Drivers_COSMIC
5,3-10,489,355,2.1766147535892797,2.974727029037784,4.065487878686748,10,Drivers_COSMIC
6,30-100,15049,3775,1.7883863511010825,1.8696389393610815,1.9545831142264494,100,Drivers_COSMIC
7,300-1000,24866,997,1.2450008111953517,1.2839265666791546,1.3240693610808116,1000,Drivers_COSMIC
8,3000-10000,17569,67,1.1295259042239454,1.1718691447501004,1.2157997326859526,10000,Drivers_COSMIC
0,1-3,36,33,1.388422007588494,10.307155125608125,76.51668311414211,1,Drivers_Bailey
1,10-30,2835,1427,3.1114845992948106,3.5485127856748746,4.046924414458585,10,Drivers_Bailey
2,100-300,15927,2331,1.7589691274631665,1.8364843170252505,1.917415487299578,100,Drivers_Bailey
3,1000-3000,13272,291,1.2491264115431515,1.3015792761516016,1.3562347224845337,1000,Drivers_Bailey
4,10000-30000,10830,27,1.1620304867826432,1.218582641017927,1.2778870002814162,10000,Drivers_Bailey
5,3-10,443,337,2.949242165935927,4.330100900987704,6.357488723474961,3,Drivers_Bailey
6,30-100,11992,3669,2.2179017488342607,2.340298220979827,2.4694492287587027,30,Drivers_Bailey
7,300-1000,17189,997,1.4538534800519558,1.5111292293241785,1.5706614036761675,300,Drivers_Bailey
8,3000-10000,11392,67,1.2118320838591847,1.2697451023037154,1.330425763023136,3000,Drivers_Bailey
0,1-3,36,33,1.388422007588494,10.307155125608125,76.51668311414211,3,Drivers_Bailey
1,10-30,2835,1427,3.1114845992948106,3.5485127856748746,4.046924414458585,30,Drivers_Bailey
2,100-300,15927,2331,1.7589691274631665,1.8364843170252505,1.917415487299578,300,Drivers_Bailey
3,1000-3000,13272,291,1.2491264115431515,1.3015792761516016,1.3562347224845337,3000,Drivers_Bailey
4,10000-30000,10830,27,1.1620304867826432,1.218582641017927,1.2778870002814162,30000,Drivers_Bailey
5,3-10,443,337,2.949242165935927,4.330100900987704,6.357488723474961,10,Drivers_Bailey
6,30-100,11992,3669,2.2179017488342607,2.340298220979827,2.4694492287587027,100,Drivers_Bailey
7,300-1000,17189,997,1.4538534800519558,1.5111292293241785,1.5706614036761675,1000,Drivers_Bailey
8,3000-10000,11392,67,1.2118320838591847,1.2697451023037154,1.330425763023136,10000,Drivers_Bailey
0,1-3,39,36,1.2973402012261452,5.526290042937513,23.54038024090086,1,Drivers_Intogen
1,10-30,3091,1471,2.563519826398329,2.8773236921724856,3.2295407058227625,10,Drivers_Intogen
2,100-300,19910,2336,1.573389050832538,1.6334509300477515,1.69580558569544,100,Drivers_Intogen
3,1000-3000,18657,291,1.2693922773594675,1.3142459355636886,1.3606844865470638,1000,Drivers_Intogen
4,10000-30000,16061,27,1.203574004392264,1.25162223905558,1.3015886215401646,10000,Drivers_Intogen
5,3-10,442,336,2.501671310486279,3.581879320706445,5.128515250714761,3,Drivers_Intogen
6,30-100,14354,3768,1.9312171042682504,2.023720054708025,2.120653783966583,30,Drivers_Intogen
7,300-1000,22470,997,1.3786648568584703,1.4254144671639277,1.4737493257281185,300,Drivers_Intogen
8,3000-10000,16661,67,1.2335272032575881,1.2822699829184223,1.332938831629692,3000,Drivers_Intogen
0,1-3,39,36,1.2973402012261452,5.526290042937513,23.54038024090086,3,Drivers_Intogen
1,10-30,3091,1471,2.563519826398329,2.8773236921724856,3.2295407058227625,30,Drivers_Intogen
2,100-300,19910,2336,1.573389050832538,1.6334509300477515,1.69580558569544,300,Drivers_Intogen
3,1000-3000,18657,291,1.2693922773594675,1.3142459355636886,1.3606844865470638,3000,Drivers_Intogen
4,10000-30000,16061,27,1.203574004392264,1.25162223905558,1.3015886215401646,30000,Drivers_Intogen
5,3-10,442,336,2.501671310486279,3.581879320706445,5.128515250714761,10,Drivers_Intogen
6,30-100,14354,3768,1.9312171042682504,2.023720054708025,2.120653783966583,100,Drivers_Intogen
7,300-1000,22470,997,1.3786648568584703,1.4254144671639277,1.4737493257281185,1000,Drivers_Intogen
8,3000-10000,16661,67,1.2335272032575881,1.2822699829184223,1.332938831629692,10000,Drivers_Intogen
0,1-3,26,25,,,,1,Oncogene
1,10-30,919,805,5.737621174816067,8.2835181251151,11.959080329368385,10,Oncogene
2,100-300,2476,1490,1.8800170415082327,2.1142580353829925,2.377684319603534,100,Oncogene
3,1000-3000,1759,289,1.0791708909153301,1.2073591344306758,1.3507740912625863,1000,Oncogene
4,10000-30000,1272,27,0.9317842111997933,1.0653532141519289,1.2180690091780098,10000,Oncogene
5,3-10,244,236,5.8399539821840785,18.32625889605634,57.50931705110447,3,Oncogene
6,30-100,2313,1741,2.836403984639686,3.2767332318376368,3.7854201061535537,30,Oncogene
7,300-1000,2379,885,1.4396239872456553,1.6033436072578369,1.7856820570577991,300,Oncogene
8,3000-10000,1376,67,0.9121143848404599,1.0359835101904677,1.1766746048789591,3000,Oncogene
0,1-3,26,25,,,,3,Oncogene
1,10-30,919,805,5.737621174816067,8.2835181251151,11.959080329368385,30,Oncogene
2,100-300,2476,1490,1.8800170415082327,2.1142580353829925,2.377684319603534,300,Oncogene
3,1000-3000,1759,289,1.0791708909153301,1.2073591344306758,1.3507740912625863,3000,Oncogene
4,10000-30000,1272,27,0.9317842111997933,1.0653532141519289,1.2180690091780098,30000,Oncogene
5,3-10,244,236,5.8399539821840785,18.32625889605634,57.50931705110447,10,Oncogene
6,30-100,2313,1741,2.836403984639686,3.2767332318376368,3.7854201061535537,100,Oncogene
7,300-1000,2379,885,1.4396239872456553,1.6033436072578369,1.7856820570577991,1000,Oncogene
8,3000-10000,1376,67,0.9121143848404599,1.0359835101904677,1.1766746048789591,10000,Oncogene
0,1-3,0,0,,,,1,Tumor_Suppressor
1,10-30,590,488,4.856985294290059,6.965143609983958,9.988341032189904,10,Tumor_Suppressor
2,100-300,3796,1892,3.04969976201959,3.390925197535678,3.7703297349073646,100,Tumor_Suppressor
3,1000-3000,2230,291,1.300092939333422,1.4401701682943682,1.5953398798615483,1000,Tumor_Suppressor
4,10000-30000,1866,27,1.1909304627088855,1.33871656038489,1.5048418737835512,10000,Tumor_Suppressor
5,3-10,53,50,1.4839504849979797,3.80682410311331,9.765763681841575,3,Tumor_Suppressor
6,30-100,3284,2219,4.561170575446699,5.225481913187856,5.986546824633769,30,Tumor_Suppressor
7,300-1000,3018,921,1.8601903016102959,2.0565975691521876,2.273742400323929,300,Tumor_Suppressor
8,3000-10000,1919,67,1.2803537057169792,1.4401063691421543,1.6197917381606997,3000,Tumor_Suppressor
0,1-3,0,0,,,,3,Tumor_Suppressor
1,10-30,590,488,4.856985294290059,6.965143609983958,9.988341032189904,30,Tumor_Suppressor
2,100-300,3796,1892,3.04969976201959,3.390925197535678,3.7703297349073646,300,Tumor_Suppressor
3,1000-3000,2230,291,1.300092939333422,1.4401701682943682,1.5953398798615483,3000,Tumor_Suppressor
4,10000-30000,1866,27,1.1909304627088855,1.33871656038489,1.5048418737835512,30000,Tumor_Suppressor
5,3-10,53,50,1.4839504849979797,3.80682410311331,9.765763681841575,10,Tumor_Suppressor
6,30-100,3284,2219,4.561170575446699,5.225481913187856,5.986546824633769,100,Tumor_Suppressor
7,300-1000,3018,921,1.8601903016102959,2.0565975691521876,2.273742400323929,1000,Tumor_Suppressor
8,3000-10000,1919,67,1.2803537057169792,1.4401063691421543,1.6197917381606997,10000,Tumor_Suppressor
0,1-3,64,54,0.7542927563659947,1.4591922405193158,2.8228323509958764,1,SpecificDriverGenes
1,10-30,8414,1814,1.375860590187483,1.454310822689208,1.5372342111367228,10,SpecificDriverGenes
2,100-300,83369,2338,1.1534938262631615,1.1732067890416054,1.1932566421376707,100,SpecificDriverGenes
3,1000-3000,84211,291,1.0848938099612198,1.1021916623681782,1.1197653166049064,1000,SpecificDriverGenes
4,10000-30000,63330,27,1.0796010859138925,1.1005475531327997,1.121900424619614,10000,SpecificDriverGenes
5,3-10,1033,491,1.511455947485577,1.7954143401360145,2.132720214657001,3,SpecificDriverGenes
6,30-100,48319,3917,1.2379765022580536,1.2659961437920648,1.294649965627772,30,SpecificDriverGenes
7,300-1000,103856,997,1.1040982613084913,1.1204756460999719,1.137095961020054,300,SpecificDriverGenes
8,3000-10000,71303,67,1.1040747687076287,1.1242811382422262,1.1448573173054362,3000,SpecificDriverGenes
0,1-3,64,54,0.7542927563659947,1.4591922405193158,2.8228323509958764,3,SpecificDriverGenes
1,10-30,8414,1814,1.375860590187483,1.454310822689208,1.5372342111367228,30,SpecificDriverGenes
2,100-300,83369,2338,1.1534938262631615,1.1732067890416054,1.1932566421376707,300,SpecificDriverGenes
3,1000-3000,84211,291,1.0848938099612198,1.1021916623681782,1.1197653166049064,3000,SpecificDriverGenes
4,10000-30000,63330,27,1.0796010859138925,1.1005475531327997,1.121900424619614,30000,SpecificDriverGenes
5,3-10,1033,491,1.511455947485577,1.7954143401360145,2.132720214657001,10,SpecificDriverGenes
6,30-100,48319,3917,1.2379765022580536,1.2659961437920648,1.294649965627772,100,SpecificDriverGenes
7,300-1000,103856,997,1.1040982613084913,1.1204756460999719,1.137095961020054,1000,SpecificDriverGenes
8,3000-10000,71303,67,1.1040747687076287,1.1242811382422262,1.1448573173054362,10000,SpecificDriverGenes
