,xbin,NumMutsInBin,NumPatientsInBin,low,true,high,Bin,Group
0,1-3,342.0,176.0,0.6227826317970723,0.7919705363221028,1.007120780797066,1,All
1,10-30,45435.0,2215.0,1.0718064637822242,1.095899870729672,1.1205348794288832,10,All
2,100-300,443828.0,2657.0,1.0271918061702598,1.0346255657891752,1.0421131233275636,100,All
3,1000-3000,621366.0,390.0,1.018067689120333,1.024021681963972,1.0300104957052398,1000,All
4,10000-30000,471787.0,34.0,1.0523013505950012,1.059893499606253,1.067540424491903,10000,All
5,3-10,4236.0,582.0,1.0211747949507795,1.0982332194736293,1.1811065160627547,3,All
6,30-100,281816.0,4744.0,1.063547765775414,1.0731361942002469,1.0828110672236362,30,All
7,300-1000,638975.0,1213.0,1.0106340660788762,1.0166479657902754,1.022697651936105,300,All
8,3000-10000,413080.0,78.0,1.0378381730500734,1.0454947605767135,1.0532078341086633,3000,All
9,nan,,,0.9937971088415614,1.0123705461767964,1.0312911092697707,nan,All
0,1-3,342.0,176.0,0.6227826317970723,0.7919705363221028,1.007120780797066,3,All
1,10-30,45435.0,2215.0,1.0718064637822242,1.095899870729672,1.1205348794288832,30,All
2,100-300,443828.0,2657.0,1.0271918061702598,1.0346255657891752,1.0421131233275636,300,All
3,1000-3000,621366.0,390.0,1.018067689120333,1.024021681963972,1.0300104957052398,3000,All
4,10000-30000,471787.0,34.0,1.0523013505950012,1.059893499606253,1.067540424491903,30000,All
5,3-10,4236.0,582.0,1.0211747949507795,1.0982332194736293,1.1811065160627547,10,All
6,30-100,281816.0,4744.0,1.063547765775414,1.0731361942002469,1.0828110672236362,100,All
7,300-1000,638975.0,1213.0,1.0106340660788762,1.0166479657902754,1.022697651936105,1000,All
8,3000-10000,413080.0,78.0,1.0378381730500734,1.0454947605767135,1.0532078341086633,10000,All
9,nan,,,0.9937971088415614,1.0123705461767964,1.0312911092697707,,All
0,1-3,318.0,171.0,0.5974152217872192,0.7660965027792769,0.9824052521039974,1,Passengers
1,10-30,42430.0,2215.0,1.0224533613008324,1.0459861919672524,1.0700606552793608,10,Passengers
2,100-300,425783.0,2657.0,1.007576911297295,1.0149959093982595,1.0224695351233832,100,Passengers
3,1000-3000,602451.0,390.0,1.0122559815640872,1.0182624165298615,1.0243044919479076,1000,Passengers
4,10000-30000,457592.0,34.0,1.0480337181114632,1.0557067588366007,1.0634359767180186,10000,Passengers
5,3-10,3847.0,582.0,0.9470952190243812,1.0207687817266535,1.1001733350750793,3,Passengers
6,30-100,267625.0,4744.0,1.0317035798979635,1.041190868913139,1.0507654006738196,30,Passengers
7,300-1000,617542.0,1213.0,0.9992145633642551,1.0052498135518781,1.011321516615753,300,Passengers
8,3000-10000,401256.0,78.0,1.0323692867104883,1.040089477545343,1.0478674009641613,3000,Passengers
9,nan,,,0.9912850317124425,1.0100312474516604,1.029131973340128,nan,Passengers
0,1-3,318.0,171.0,0.5974152217872192,0.7660965027792769,0.9824052521039974,3,Passengers
1,10-30,42430.0,2215.0,1.0224533613008324,1.0459861919672524,1.0700606552793608,30,Passengers
2,100-300,425783.0,2657.0,1.007576911297295,1.0149959093982595,1.0224695351233832,300,Passengers
3,1000-3000,602451.0,390.0,1.0122559815640872,1.0182624165298615,1.0243044919479076,3000,Passengers
4,10000-30000,457592.0,34.0,1.0480337181114632,1.0557067588366007,1.0634359767180186,30000,Passengers
5,3-10,3847.0,582.0,0.9470952190243812,1.0207687817266535,1.1001733350750793,10,Passengers
6,30-100,267625.0,4744.0,1.0317035798979635,1.041190868913139,1.0507654006738196,100,Passengers
7,300-1000,617542.0,1213.0,0.9992145633642551,1.0052498135518781,1.011321516615753,1000,Passengers
8,3000-10000,401256.0,78.0,1.0323692867104883,1.040089477545343,1.0478674009641613,10000,Passengers
9,nan,,,0.9912850317124425,1.0100312474516604,1.029131973340128,,Passengers
0,1-3,24.0,24.0,0.5532044855552283,1.69726766351528,5.207328568067126,1,Drivers_COSMIC
1,10-30,3671.0,1755.0,1.8391025795572504,2.019930124412841,2.218537319703358,10,Drivers_COSMIC
2,100-300,24321.0,2655.0,1.3514566551082354,1.396629233349969,1.44331170968373,100,Drivers_COSMIC
3,1000-3000,28806.0,390.0,1.1016972387721473,1.1325050408607238,1.16417435066315,1000,Drivers_COSMIC
4,10000-30000,21723.0,34.0,1.0509819107587943,1.0869653866251565,1.1241808632730452,10000,Drivers_COSMIC
5,3-10,437.0,318.0,1.6680523769575466,2.247557715817922,3.0283915275768583,3,Drivers_COSMIC
6,30-100,18098.0,4546.0,1.6466201404946847,1.7133473171088507,1.7827785272699161,30,Drivers_COSMIC
7,300-1000,31021.0,1213.0,1.2008983130430182,1.2350508659478558,1.2701746891569727,300,Drivers_COSMIC
8,3000-10000,18536.0,78.0,1.106473273870234,1.1462785128427946,1.187515740356859,3000,Drivers_COSMIC
9,nan,,,1.0144131565655659,1.1119994852608537,1.2189735979045144,nan,Drivers_COSMIC
0,1-3,24.0,24.0,0.5532044855552283,1.69726766351528,5.207328568067126,3,Drivers_COSMIC
1,10-30,3671.0,1755.0,1.8391025795572504,2.019930124412841,2.218537319703358,30,Drivers_COSMIC
2,100-300,24321.0,2655.0,1.3514566551082354,1.396629233349969,1.44331170968373,300,Drivers_COSMIC
3,1000-3000,28806.0,390.0,1.1016972387721473,1.1325050408607238,1.16417435066315,3000,Drivers_COSMIC
4,10000-30000,21723.0,34.0,1.0509819107587943,1.0869653866251565,1.1241808632730452,30000,Drivers_COSMIC
5,3-10,437.0,318.0,1.6680523769575466,2.247557715817922,3.0283915275768583,10,Drivers_COSMIC
6,30-100,18098.0,4546.0,1.6466201404946847,1.7133473171088507,1.7827785272699161,100,Drivers_COSMIC
7,300-1000,31021.0,1213.0,1.2008983130430182,1.2350508659478558,1.2701746891569727,1000,Drivers_COSMIC
8,3000-10000,18536.0,78.0,1.106473273870234,1.1462785128427946,1.187515740356859,10000,Drivers_COSMIC
9,nan,,,1.0144131565655659,1.1119994852608537,1.2189735979045144,,Drivers_COSMIC
0,1-3,24.0,23.0,0.47712479432245086,1.2443345127687508,3.2452062816526466,1,Drivers_Bailey
1,10-30,3005.0,1576.0,2.399376947145081,2.6933627839590173,3.0233695020896745,10,Drivers_Bailey
2,100-300,18045.0,2645.0,1.6532955031274055,1.7212704801964487,1.7920402374477378,100,Drivers_Bailey
3,1000-3000,18915.0,390.0,1.19284024932921,1.2349335971448114,1.278512349172185,1000,Drivers_Bailey
4,10000-30000,14195.0,34.0,1.1574537966186433,1.2076202889873815,1.259961103099186,10000,Drivers_Bailey
5,3-10,389.0,294.0,2.3777539697384014,3.411640385663297,4.895077568672656,3,Drivers_Bailey
6,30-100,14191.0,4354.0,2.039329470799861,2.1400326794303544,2.245708667777751,30,Drivers_Bailey
7,300-1000,21433.0,1213.0,1.4011333175160714,1.4512853118604596,1.5032324405473663,300,Drivers_Bailey
8,3000-10000,11824.0,78.0,1.201241110928452,1.2567549875315474,1.3148343694836246,3000,Drivers_Bailey
9,nan,,,0.9870084306881551,1.1150372505350037,1.2596732017920151,nan,Drivers_Bailey
0,1-3,24.0,23.0,0.47712479432245086,1.2443345127687508,3.2452062816526466,3,Drivers_Bailey
1,10-30,3005.0,1576.0,2.399376947145081,2.6933627839590173,3.0233695020896745,30,Drivers_Bailey
2,100-300,18045.0,2645.0,1.6532955031274055,1.7212704801964487,1.7920402374477378,300,Drivers_Bailey
3,1000-3000,18915.0,390.0,1.19284024932921,1.2349335971448114,1.278512349172185,3000,Drivers_Bailey
4,10000-30000,14195.0,34.0,1.1574537966186433,1.2076202889873815,1.259961103099186,30000,Drivers_Bailey
5,3-10,389.0,294.0,2.3777539697384014,3.411640385663297,4.895077568672656,10,Drivers_Bailey
6,30-100,14191.0,4354.0,2.039329470799861,2.1400326794303544,2.245708667777751,100,Drivers_Bailey
7,300-1000,21433.0,1213.0,1.4011333175160714,1.4512853118604596,1.5032324405473663,1000,Drivers_Bailey
8,3000-10000,11824.0,78.0,1.201241110928452,1.2567549875315474,1.3148343694836246,10000,Drivers_Bailey
9,nan,,,0.9870084306881551,1.1150372505350037,1.2596732017920151,,Drivers_Bailey
0,1-3,27.0,27.0,0.43978370336593026,1.156964099581279,3.043691518069147,1,Drivers_Intogen
1,10-30,3369.0,1671.0,2.1471973589088864,2.3828674905177336,2.6444040897347345,10,Drivers_Intogen
2,100-300,22432.0,2650.0,1.4796270658402333,1.5326401874403903,1.587552700533631,100,Drivers_Intogen
3,1000-3000,26355.0,390.0,1.2133714410492062,1.2496450572312743,1.287003069490595,1000,Drivers_Intogen
4,10000-30000,20767.0,34.0,1.1913089946418662,1.2340763263408268,1.278378981510755,10000,Drivers_Intogen
5,3-10,408.0,296.0,1.6086095461507615,2.185698910694288,2.969819332256072,3,Drivers_Intogen
6,30-100,17064.0,4519.0,1.770409633220219,1.846532360295919,1.9259281545017952,30,Drivers_Intogen
7,300-1000,28058.0,1213.0,1.3366973086162108,1.377948156446481,1.420472016824729,300,Drivers_Intogen
8,3000-10000,17489.0,78.0,1.2040435795395223,1.2496297216597343,1.2969417949577855,3000,Drivers_Intogen
9,nan,,,1.0613333408136525,1.1701898911644362,1.2902114055266096,nan,Drivers_Intogen
0,1-3,27.0,27.0,0.43978370336593026,1.156964099581279,3.043691518069147,3,Drivers_Intogen
1,10-30,3369.0,1671.0,2.1471973589088864,2.3828674905177336,2.6444040897347345,30,Drivers_Intogen
2,100-300,22432.0,2650.0,1.4796270658402333,1.5326401874403903,1.587552700533631,300,Drivers_Intogen
3,1000-3000,26355.0,390.0,1.2133714410492062,1.2496450572312743,1.287003069490595,3000,Drivers_Intogen
4,10000-30000,20767.0,34.0,1.1913089946418662,1.2340763263408268,1.278378981510755,30000,Drivers_Intogen
5,3-10,408.0,296.0,1.6086095461507615,2.185698910694288,2.969819332256072,10,Drivers_Intogen
6,30-100,17064.0,4519.0,1.770409633220219,1.846532360295919,1.9259281545017952,100,Drivers_Intogen
7,300-1000,28058.0,1213.0,1.3366973086162108,1.377948156446481,1.420472016824729,1000,Drivers_Intogen
8,3000-10000,17489.0,78.0,1.2040435795395223,1.2496297216597343,1.2969417949577855,10000,Drivers_Intogen
9,nan,,,1.0613333408136525,1.1701898911644362,1.2902114055266096,,Drivers_Intogen
0,1-3,7.0,7.0,,,,1,Oncogene
1,10-30,965.0,834.0,3.7466422978598146,5.000943871432246,6.67516074846585,10,Oncogene
2,100-300,2770.0,1629.0,1.7104243353423183,1.9070301553531663,2.126234957185915,100,Oncogene
3,1000-3000,2526.0,384.0,1.0611803639527566,1.1655953748762014,1.280284317429452,1000,Oncogene
4,10000-30000,1700.0,34.0,0.8921753890035553,1.0012548327082524,1.1236705835848106,10000,Oncogene
5,3-10,189.0,177.0,3.891050677050999,10.557007623135584,28.64275467093386,3,Oncogene
6,30-100,2809.0,2010.0,2.6490379952502168,3.0075746206585032,3.414637734546628,30,Oncogene
7,300-1000,2954.0,1053.0,1.392737558641841,1.5350655364876604,1.6919384321121276,300,Oncogene
8,3000-10000,1456.0,78.0,0.8914489306724589,1.007006322326221,1.1375432717609855,3000,Oncogene
9,nan,,,0.688239967680116,0.9411708198369864,1.2870547392044704,nan,Oncogene
0,1-3,7.0,7.0,,,,3,Oncogene
1,10-30,965.0,834.0,3.7466422978598146,5.000943871432246,6.67516074846585,30,Oncogene
2,100-300,2770.0,1629.0,1.7104243353423183,1.9070301553531663,2.126234957185915,300,Oncogene
3,1000-3000,2526.0,384.0,1.0611803639527566,1.1655953748762014,1.280284317429452,3000,Oncogene
4,10000-30000,1700.0,34.0,0.8921753890035553,1.0012548327082524,1.1236705835848106,30000,Oncogene
5,3-10,189.0,177.0,3.891050677050999,10.557007623135584,28.64275467093386,10,Oncogene
6,30-100,2809.0,2010.0,2.6490379952502168,3.0075746206585032,3.414637734546628,100,Oncogene
7,300-1000,2954.0,1053.0,1.392737558641841,1.5350655364876604,1.6919384321121276,1000,Oncogene
8,3000-10000,1456.0,78.0,0.8914489306724589,1.007006322326221,1.1375432717609855,10000,Oncogene
9,nan,,,0.688239967680116,0.9411708198369864,1.2870547392044704,,Oncogene
0,1-3,3.0,3.0,,,,1,Tumor_Suppressor
1,10-30,577.0,483.0,3.017351267556668,4.054286062996239,5.447571072464415,10,Tumor_Suppressor
2,100-300,4297.0,2089.0,2.8531813319079378,3.1471285891097227,3.4713595822416994,100,Tumor_Suppressor
3,1000-3000,3073.0,389.0,1.3346136886813937,1.4590060476532556,1.5949923675606388,1000,Tumor_Suppressor
4,10000-30000,2443.0,34.0,1.1767856207145462,1.3056162243310854,1.448550776989867,10000,Tumor_Suppressor
5,3-10,48.0,47.0,1.1499230723727993,2.776070338373147,6.701810502587055,3,Tumor_Suppressor
6,30-100,3769.0,2523.0,3.9021385472604018,4.39355768142474,4.946864101880432,30,Tumor_Suppressor
7,300-1000,4006.0,1136.0,1.7084471441818094,1.8632240642909257,2.0320230131646113,300,Tumor_Suppressor
8,3000-10000,2032.0,78.0,1.2799288565557587,1.4329891110159123,1.6043530714792646,3000,Tumor_Suppressor
9,nan,,,0.8507430862509062,1.1694795332161159,1.6076326692686387,nan,Tumor_Suppressor
0,1-3,3.0,3.0,,,,3,Tumor_Suppressor
1,10-30,577.0,483.0,3.017351267556668,4.054286062996239,5.447571072464415,30,Tumor_Suppressor
2,100-300,4297.0,2089.0,2.8531813319079378,3.1471285891097227,3.4713595822416994,300,Tumor_Suppressor
3,1000-3000,3073.0,389.0,1.3346136886813937,1.4590060476532556,1.5949923675606388,3000,Tumor_Suppressor
4,10000-30000,2443.0,34.0,1.1767856207145462,1.3056162243310854,1.448550776989867,30000,Tumor_Suppressor
5,3-10,48.0,47.0,1.1499230723727993,2.776070338373147,6.701810502587055,10,Tumor_Suppressor
6,30-100,3769.0,2523.0,3.9021385472604018,4.39355768142474,4.946864101880432,100,Tumor_Suppressor
7,300-1000,4006.0,1136.0,1.7084471441818094,1.8632240642909257,2.0320230131646113,1000,Tumor_Suppressor
8,3000-10000,2032.0,78.0,1.2799288565557587,1.4329891110159123,1.6043530714792646,10000,Tumor_Suppressor
9,nan,,,0.8507430862509062,1.1694795332161159,1.6076326692686387,,Tumor_Suppressor
0,1-3,37.0,34.0,0.3922125522792154,0.8464550103288033,1.8267800975443267,1,SpecificDriverGenes
1,10-30,7933.0,1693.0,1.2782384357567425,1.3522024827499688,1.4304463887230083,10,SpecificDriverGenes
2,100-300,88012.0,2449.0,1.1163905303457051,1.1351222585559249,1.1541682832710003,100,SpecificDriverGenes
3,1000-3000,117176.0,378.0,1.0676643488382918,1.0823718362462253,1.0972819249549233,1000,SpecificDriverGenes
4,10000-30000,84732.0,34.0,1.0708060733263436,1.089304497536765,1.1081224863320283,10000,SpecificDriverGenes
5,3-10,749.0,362.0,1.2810627064664724,1.5535760490838435,1.8840596390041997,3,SpecificDriverGenes
6,30-100,49920.0,3955.0,1.2182544528447203,1.2454398582451087,1.2732319072453278,30,SpecificDriverGenes
7,300-1000,125907.0,1170.0,1.088911795232634,1.1039790968970637,1.119254885218026,300,SpecificDriverGenes
8,3000-10000,76846.0,75.0,1.0648106848464811,1.083289344937688,1.1020886825762048,3000,SpecificDriverGenes
9,nan,,,1.01419443422236,1.057528412076666,1.102713941835925,nan,SpecificDriverGenes
0,1-3,37.0,34.0,0.3922125522792154,0.8464550103288033,1.8267800975443267,3,SpecificDriverGenes
1,10-30,7933.0,1693.0,1.2782384357567425,1.3522024827499688,1.4304463887230083,30,SpecificDriverGenes
2,100-300,88012.0,2449.0,1.1163905303457051,1.1351222585559249,1.1541682832710003,300,SpecificDriverGenes
3,1000-3000,117176.0,378.0,1.0676643488382918,1.0823718362462253,1.0972819249549233,3000,SpecificDriverGenes
4,10000-30000,84732.0,34.0,1.0708060733263436,1.089304497536765,1.1081224863320283,30000,SpecificDriverGenes
5,3-10,749.0,362.0,1.2810627064664724,1.5535760490838435,1.8840596390041997,10,SpecificDriverGenes
6,30-100,49920.0,3955.0,1.2182544528447203,1.2454398582451087,1.2732319072453278,100,SpecificDriverGenes
7,300-1000,125907.0,1170.0,1.088911795232634,1.1039790968970637,1.119254885218026,1000,SpecificDriverGenes
8,3000-10000,76846.0,75.0,1.0648106848464811,1.083289344937688,1.1020886825762048,10000,SpecificDriverGenes
9,nan,,,1.01419443422236,1.057528412076666,1.102713941835925,,SpecificDriverGenes
