,xbin,NumMutsInBin,NumPatientsInBin,low,true,high,Bin,Group
0,1-3,28,27,0.25762253956001546,0.4554521276595745,1.190867111339148,1,Passengers
1,3-10,524,308,0.8052128217876479,0.9749789477271152,1.193161725827645,3,Passengers
2,10-30,5973,1642,0.8937430158176857,0.9517475622643679,1.014122216521755,10,Passengers
3,30-100,40902,3956,0.9091930944032885,0.9329371973293521,0.9567770763816107,30,Passengers
4,100-300,73193,2449,0.8919113400643073,0.9101783859428261,0.9314343128262346,100,Passengers
5,300-1000,110043,1170,0.9045520839971556,0.9160224106554947,0.9284254800517048,300,Passengers
6,1000-3000,109461,378,0.8998448806849209,0.9118774176752676,0.9240073661115976,1000,Passengers
7,3000-10000,71034,75,0.8319249696762716,0.8460438653200006,0.863626612253825,3000,Passengers
8,10000-30000,81145,34,0.7813665334270196,0.7945808523135308,0.8075020878084622,10000,Passengers
0,1-3,28,27,0.25762253956001546,0.4554521276595745,1.190867111339148,3,Passengers
1,3-10,524,308,0.8052128217876479,0.9749789477271152,1.193161725827645,10,Passengers
2,10-30,5973,1642,0.8937430158176857,0.9517475622643679,1.014122216521755,30,Passengers
3,30-100,40902,3956,0.9091930944032885,0.9329371973293521,0.9567770763816107,100,Passengers
4,100-300,73193,2449,0.8919113400643073,0.9101783859428261,0.9314343128262346,300,Passengers
5,300-1000,110043,1170,0.9045520839971556,0.9160224106554947,0.9284254800517048,1000,Passengers
6,1000-3000,109461,378,0.8998448806849209,0.9118774176752676,0.9240073661115976,3000,Passengers
7,3000-10000,71034,75,0.8319249696762716,0.8460438653200006,0.863626612253825,10000,Passengers
8,10000-30000,81145,34,0.7813665334270196,0.7945808523135308,0.8075020878084622,30000,Passengers
0,1-3,3,3,0.0,2.3101604278074865,inf,1,Drivers_Bailey
1,3-10,67,61,1.9925115207373272,3.1656890954699715,7.514563106796116,3,Drivers_Bailey
2,10-30,594,498,1.091155537202128,1.3143943340931292,1.5645516323953046,10,Drivers_Bailey
3,30-100,3629,2257,1.26751866755587,1.376110456348452,1.495899849626516,30,Drivers_Bailey
4,100-300,6017,2150,1.1494721218528448,1.207339721718263,1.276316057733558,100,Drivers_Bailey
5,300-1000,7916,1162,1.1321617766535288,1.185809732788587,1.2400239068091305,300,Drivers_Bailey
6,1000-3000,7421,378,1.0187470074777718,1.072211206129081,1.1237762036412176,1000,Drivers_Bailey
7,3000-10000,4725,75,0.927320823939934,0.999882076357809,1.077962651873207,3000,Drivers_Bailey
8,10000-30000,5958,34,0.8707751966629059,0.9321108117863189,0.9826436633638789,10000,Drivers_Bailey
0,1-3,3,3,0.0,2.3101604278074865,inf,3,Drivers_Bailey
1,3-10,67,61,1.9925115207373272,3.1656890954699715,7.514563106796116,10,Drivers_Bailey
2,10-30,594,498,1.091155537202128,1.3143943340931292,1.5645516323953046,30,Drivers_Bailey
3,30-100,3629,2257,1.26751866755587,1.376110456348452,1.495899849626516,100,Drivers_Bailey
4,100-300,6017,2150,1.1494721218528448,1.207339721718263,1.276316057733558,300,Drivers_Bailey
5,300-1000,7916,1162,1.1321617766535288,1.185809732788587,1.2400239068091305,1000,Drivers_Bailey
6,1000-3000,7421,378,1.0187470074777718,1.072211206129081,1.1237762036412176,3000,Drivers_Bailey
7,3000-10000,4725,75,0.927320823939934,0.999882076357809,1.077962651873207,10000,Drivers_Bailey
8,10000-30000,5958,34,0.8707751966629059,0.9321108117863189,0.9826436633638789,30000,Drivers_Bailey
