,BeginBin,variable,value
0,1,Fraction_Ka,0.08256880733944955
1,10,Fraction_Ka,0.06411372207716855
2,100,Fraction_Ka,0.04095640710941406
3,1000,Fraction_Ka,0.03651885226464311
4,3,Fraction_Ka,0.07142857142857142
5,30,Fraction_Ka,0.0463960231980116
6,300,Fraction_Ka,0.03350019252984213
7,3000,Fraction_Ka,0.03175313059033989
8,1,Fraction_Ks,0.07692307692307693
9,10,Fraction_Ks,0.10240252067743207
10,100,Fraction_Ks,0.06683899556868537
11,1000,Fraction_Ks,0.05348699763593381
12,3,Fraction_Ks,0.07835820895522388
13,30,Fraction_Ks,0.07497820401046207
14,300,Fraction_Ks,0.054543087737568344
15,3000,Fraction_Ks,0.04202558078830593
