,BeginBin,variable,value
0,1,Fraction_Ka,0.07692307692307693
1,10,Fraction_Ka,0.05379110718018815
2,100,Fraction_Ka,0.035551873896354474
3,1000,Fraction_Ka,0.03859382567627702
4,10000,Fraction_Ka,0.048181550250515764
5,3,Fraction_Ka,0.0593607305936073
6,30,Fraction_Ka,0.05201083333833765
7,300,Fraction_Ka,0.028920744921254824
8,3000,Fraction_Ka,0.04136893035011306
9,1,Fraction_Ks,0.09803921568627451
10,10,Fraction_Ks,0.09152053807350469
11,100,Fraction_Ks,0.0634839721595922
12,1000,Fraction_Ks,0.06756369198413077
13,10000,Fraction_Ks,0.10134372658909656
14,3,Fraction_Ks,0.0941336971350614
15,30,Fraction_Ks,0.08562950402713014
16,300,Fraction_Ks,0.05161524634969099
17,3000,Fraction_Ks,0.07777953879071242
