,xbin,NumMutsInBin,NumPatientsInBin,low,true,high,Bin,Group,PurityThreshold
0,1-3,155,82,0.38841881229235875,0.5612402709305189,0.8835371260303663,1,Passengers,0.1
1,3-10,2796,425,0.9006133540207961,0.9783446506753433,1.0870084973574738,3,Passengers,0.1
2,10-30,32763,1718,0.9615689350563698,0.9964448449602198,1.0307547356783493,10,Passengers,0.1
3,30-100,224148,3955,0.9612315525343523,0.9731760453506855,0.9885983737323235,30,Passengers,0.1
4,100-300,394691,2447,0.9213767284338191,0.9317852624655747,0.9413684351510696,100,Passengers,0.1
5,300-1000,594018,1170,0.9267900302737387,0.9323608425877257,0.940196198905739,300,Passengers,0.1
6,1000-3000,582585,378,0.9352843737800473,0.9410665738340749,0.9482467774272053,1000,Passengers,0.1
7,3000-10000,390588,75,0.892574754819594,0.9015202950736537,0.909413756096131,3000,Passengers,0.1
8,10000-30000,457593,34,0.8507682021764907,0.8597259530786425,0.8669218831330732,10000,Passengers,0.1
0,1-3,155,82,0.38841881229235875,0.5612402709305189,0.8835371260303663,3,Passengers,0.1
1,3-10,2796,425,0.9006133540207961,0.9783446506753433,1.0870084973574738,10,Passengers,0.1
2,10-30,32763,1718,0.9615689350563698,0.9964448449602198,1.0307547356783493,30,Passengers,0.1
3,30-100,224148,3955,0.9612315525343523,0.9731760453506855,0.9885983737323235,100,Passengers,0.1
4,100-300,394691,2447,0.9213767284338191,0.9317852624655747,0.9413684351510696,300,Passengers,0.1
5,300-1000,594018,1170,0.9267900302737387,0.9323608425877257,0.940196198905739,1000,Passengers,0.1
6,1000-3000,582585,378,0.9352843737800473,0.9410665738340749,0.9482467774272053,3000,Passengers,0.1
7,3000-10000,390588,75,0.892574754819594,0.9015202950736537,0.909413756096131,10000,Passengers,0.1
8,10000-30000,457593,34,0.8507682021764907,0.8597259530786425,0.8669218831330732,30000,Passengers,0.1
0,1-3,13,13,0.7688053097345132,2.7398615232443126,11.265060240963855,1,Drivers_Bailey,0.1
1,3-10,326,244,3.296549446920918,4.917175282798798,7.706244713141265,3,Drivers_Bailey,0.1
2,10-30,2537,1285,2.4518780562418483,2.7945079124290535,3.0943760197905155,10,Drivers_Bailey,0.1
3,30-100,12455,3683,1.888868431678383,1.9759994497717008,2.0712550296100356,30,Drivers_Bailey,0.1
4,100-300,16954,2437,1.439005986328637,1.484643001667039,1.527642111179171,100,Drivers_Bailey,0.1
5,300-1000,20739,1170,1.2263969447065228,1.2677772962344809,1.3072774959171094,300,Drivers_Bailey,0.1
6,1000-3000,18402,378,1.086025129417357,1.1146198287197155,1.145312839565033,1000,Drivers_Bailey,0.1
7,3000-10000,11579,75,0.9666490173221063,1.0037137889453043,1.046243967760413,3000,Drivers_Bailey,0.1
8,10000-30000,14195,34,0.9045701329016324,0.9440617839571352,0.9776395786949821,10000,Drivers_Bailey,0.1
0,1-3,13,13,0.7688053097345132,2.7398615232443126,11.265060240963855,3,Drivers_Bailey,0.1
1,3-10,326,244,3.296549446920918,4.917175282798798,7.706244713141265,10,Drivers_Bailey,0.1
2,10-30,2537,1285,2.4518780562418483,2.7945079124290535,3.0943760197905155,30,Drivers_Bailey,0.1
3,30-100,12455,3683,1.888868431678383,1.9759994497717008,2.0712550296100356,100,Drivers_Bailey,0.1
4,100-300,16954,2437,1.439005986328637,1.484643001667039,1.527642111179171,300,Drivers_Bailey,0.1
5,300-1000,20739,1170,1.2263969447065228,1.2677772962344809,1.3072774959171094,1000,Drivers_Bailey,0.1
6,1000-3000,18402,378,1.086025129417357,1.1146198287197155,1.145312839565033,3000,Drivers_Bailey,0.1
7,3000-10000,11579,75,0.9666490173221063,1.0037137889453043,1.046243967760413,10000,Drivers_Bailey,0.1
8,10000-30000,14195,34,0.9045701329016324,0.9440617839571352,0.9776395786949821,30000,Drivers_Bailey,0.1
0,1-3,155,82,0.38107494232696604,0.5612402709305189,0.874660177146365,1,Passengers,0.2
1,3-10,2764,421,0.8788714149005039,0.97872728532206,1.0839413670244848,3,Passengers,0.2
2,10-30,32322,1698,0.9676336289853343,0.9989484284971174,1.031014687648715,10,Passengers,0.2
3,30-100,222059,3933,0.9616453100123901,0.9725819629624116,0.9847069077466537,30,Passengers,0.2
4,100-300,390420,2433,0.920516528854135,0.9316296323486164,0.9402625979174555,100,Passengers,0.2
5,300-1000,586477,1161,0.9253641738047502,0.9324164259789957,0.9393945204842556,300,Passengers,0.2
6,1000-3000,575878,378,0.9333346575471893,0.9410784668081349,0.9482206311338414,1000,Passengers,0.2
7,3000-10000,389814,75,0.8947528862294191,0.9014964788558824,0.9090860714159517,3000,Passengers,0.2
8,10000-30000,457593,34,0.8516106736100928,0.8597259530786425,0.8686439798134783,10000,Passengers,0.2
0,1-3,155,82,0.38107494232696604,0.5612402709305189,0.874660177146365,3,Passengers,0.2
1,3-10,2764,421,0.8788714149005039,0.97872728532206,1.0839413670244848,10,Passengers,0.2
2,10-30,32322,1698,0.9676336289853343,0.9989484284971174,1.031014687648715,30,Passengers,0.2
3,30-100,222059,3933,0.9616453100123901,0.9725819629624116,0.9847069077466537,100,Passengers,0.2
4,100-300,390420,2433,0.920516528854135,0.9316296323486164,0.9402625979174555,300,Passengers,0.2
5,300-1000,586477,1161,0.9253641738047502,0.9324164259789957,0.9393945204842556,1000,Passengers,0.2
6,1000-3000,575878,378,0.9333346575471893,0.9410784668081349,0.9482206311338414,3000,Passengers,0.2
7,3000-10000,389814,75,0.8947528862294191,0.9014964788558824,0.9090860714159517,10000,Passengers,0.2
8,10000-30000,457593,34,0.8516106736100928,0.8597259530786425,0.8686439798134783,30000,Passengers,0.2
0,1-3,13,13,0.8649425287356322,2.7398615232443126,inf,1,Drivers_Bailey,0.2
1,3-10,323,241,3.471432781777609,4.906201294248201,8.25265383890622,3,Drivers_Bailey,0.2
2,10-30,2509,1271,2.46653778750319,2.774291902609951,3.104132496970002,10,Drivers_Bailey,0.2
3,30-100,12348,3658,1.8712443530004184,1.974317259051284,2.072581319552047,30,Drivers_Bailey,0.2
4,100-300,16792,2419,1.4201701340454698,1.4830145515424542,1.5579382782390445,100,Drivers_Bailey,0.2
5,300-1000,20445,1161,1.2312538798133643,1.2657038525576887,1.3072297131246617,300,Drivers_Bailey,0.2
6,1000-3000,18212,378,1.0709823212336653,1.1119427695231459,1.1512488323232941,1000,Drivers_Bailey,0.2
7,3000-10000,11572,75,0.9711099152897167,1.0040079055530962,1.0526940779666922,3000,Drivers_Bailey,0.2
8,10000-30000,14195,34,0.8963697723126446,0.9440617839571352,0.9821487655926424,10000,Drivers_Bailey,0.2
0,1-3,13,13,0.8649425287356322,2.7398615232443126,inf,3,Drivers_Bailey,0.2
1,3-10,323,241,3.471432781777609,4.906201294248201,8.25265383890622,10,Drivers_Bailey,0.2
2,10-30,2509,1271,2.46653778750319,2.774291902609951,3.104132496970002,30,Drivers_Bailey,0.2
3,30-100,12348,3658,1.8712443530004184,1.974317259051284,2.072581319552047,100,Drivers_Bailey,0.2
4,100-300,16792,2419,1.4201701340454698,1.4830145515424542,1.5579382782390445,300,Drivers_Bailey,0.2
5,300-1000,20445,1161,1.2312538798133643,1.2657038525576887,1.3072297131246617,1000,Drivers_Bailey,0.2
6,1000-3000,18212,378,1.0709823212336653,1.1119427695231459,1.1512488323232941,3000,Drivers_Bailey,0.2
7,3000-10000,11572,75,0.9711099152897167,1.0040079055530962,1.0526940779666922,10000,Drivers_Bailey,0.2
8,10000-30000,14195,34,0.8963697723126446,0.9440617839571352,0.9821487655926424,30000,Drivers_Bailey,0.2
0,1-3,153,81,0.3987411252189947,0.558969559287303,0.8483262325015217,1,Passengers,0.30000000000000004
1,3-10,2611,401,0.8899460328675672,0.9702149492330956,1.088517272051766,3,Passengers,0.30000000000000004
2,10-30,30751,1630,0.969116594439954,1.0018140906609698,1.0367017080240448,10,Passengers,0.30000000000000004
3,30-100,209877,3791,0.961400000355592,0.9719380572885098,0.9853854212540881,30,Passengers,0.30000000000000004
4,100-300,362110,2332,0.9225138609913911,0.9323576359339675,0.9432552300517336,100,Passengers,0.30000000000000004
5,300-1000,536218,1102,0.9248134477447957,0.9313585778922894,0.9390185611969419,300,Passengers,0.30000000000000004
6,1000-3000,542812,371,0.9335169934225851,0.9393365241234644,0.9456927003685702,1000,Passengers,0.30000000000000004
7,3000-10000,376464,74,0.8918034232539096,0.900394647616144,0.9074945221115738,3000,Passengers,0.30000000000000004
8,10000-30000,457185,34,0.8535832616394574,0.8596544940559838,0.8679283400862066,10000,Passengers,0.30000000000000004
0,1-3,153,81,0.3987411252189947,0.558969559287303,0.8483262325015217,3,Passengers,0.30000000000000004
1,3-10,2611,401,0.8899460328675672,0.9702149492330956,1.088517272051766,10,Passengers,0.30000000000000004
2,10-30,30751,1630,0.969116594439954,1.0018140906609698,1.0367017080240448,30,Passengers,0.30000000000000004
3,30-100,209877,3791,0.961400000355592,0.9719380572885098,0.9853854212540881,100,Passengers,0.30000000000000004
4,100-300,362110,2332,0.9225138609913911,0.9323576359339675,0.9432552300517336,300,Passengers,0.30000000000000004
5,300-1000,536218,1102,0.9248134477447957,0.9313585778922894,0.9390185611969419,1000,Passengers,0.30000000000000004
6,1000-3000,542812,371,0.9335169934225851,0.9393365241234644,0.9456927003685702,3000,Passengers,0.30000000000000004
7,3000-10000,376464,74,0.8918034232539096,0.900394647616144,0.9074945221115738,10000,Passengers,0.30000000000000004
8,10000-30000,457185,34,0.8535832616394574,0.8596544940559838,0.8679283400862066,30000,Passengers,0.30000000000000004
0,1-3,13,13,0.6937869822485208,2.7398615232443126,inf,1,Drivers_Bailey,0.30000000000000004
1,3-10,307,229,3.4882403838590417,5.1042787481971565,8.96908371294153,3,Drivers_Bailey,0.30000000000000004
2,10-30,2392,1212,2.5064439175178554,2.8316517180231813,3.341554489259929,10,Drivers_Bailey,0.30000000000000004
3,30-100,11674,3495,1.8805803250665791,1.9768903474776345,2.078566744730252,30,Drivers_Bailey,0.30000000000000004
4,100-300,15623,2307,1.4295154334730389,1.488826871841556,1.5547984828397383,100,Drivers_Bailey,0.30000000000000004
5,300-1000,18851,1099,1.2251571383230146,1.26535508955476,1.3032805307711444,300,Drivers_Bailey,0.30000000000000004
6,1000-3000,17164,371,1.0827654602193209,1.1119064366958813,1.1526638119105588,1000,Drivers_Bailey,0.30000000000000004
7,3000-10000,11264,74,0.9665663186705976,1.0039480366894784,1.042231427993651,3000,Drivers_Bailey,0.30000000000000004
8,10000-30000,14185,34,0.9083898918318023,0.9434984945021607,0.9922828906496468,10000,Drivers_Bailey,0.30000000000000004
0,1-3,13,13,0.6937869822485208,2.7398615232443126,inf,3,Drivers_Bailey,0.30000000000000004
1,3-10,307,229,3.4882403838590417,5.1042787481971565,8.96908371294153,10,Drivers_Bailey,0.30000000000000004
2,10-30,2392,1212,2.5064439175178554,2.8316517180231813,3.341554489259929,30,Drivers_Bailey,0.30000000000000004
3,30-100,11674,3495,1.8805803250665791,1.9768903474776345,2.078566744730252,100,Drivers_Bailey,0.30000000000000004
4,100-300,15623,2307,1.4295154334730389,1.488826871841556,1.5547984828397383,300,Drivers_Bailey,0.30000000000000004
5,300-1000,18851,1099,1.2251571383230146,1.26535508955476,1.3032805307711444,1000,Drivers_Bailey,0.30000000000000004
6,1000-3000,17164,371,1.0827654602193209,1.1119064366958813,1.1526638119105588,3000,Drivers_Bailey,0.30000000000000004
7,3000-10000,11264,74,0.9665663186705976,1.0039480366894784,1.042231427993651,10000,Drivers_Bailey,0.30000000000000004
8,10000-30000,14185,34,0.9083898918318023,0.9434984945021607,0.9922828906496468,30000,Drivers_Bailey,0.30000000000000004
0,1-3,145,76,0.34972818641368875,0.5559326056003797,0.9103343883308106,1,Passengers,0.4
1,3-10,2315,356,0.8820532921119408,0.9567150497454343,1.0572634807275822,3,Passengers,0.4
2,10-30,28678,1533,0.9512912027262911,0.9905118832530241,1.0281578393162316,10,Passengers,0.4
3,30-100,193291,3587,0.9606197435161374,0.9721600020741248,0.9869473542488558,30,Passengers,0.4
4,100-300,328131,2200,0.9247567261863077,0.9335363928087254,0.943529664554646,100,Passengers,0.4
5,300-1000,467712,1020,0.9228367049578663,0.9304040948667506,0.9379306051010533,300,Passengers,0.4
6,1000-3000,491322,356,0.9308432844746254,0.9391221756826637,0.9443732648355353,1000,Passengers,0.4
7,3000-10000,363366,74,0.8919528554940744,0.9010996492267146,0.9102007070206352,3000,Passengers,0.4
8,10000-30000,439623,34,0.8484734882790997,0.8566264469740597,0.8636973790550658,10000,Passengers,0.4
0,1-3,145,76,0.34972818641368875,0.5559326056003797,0.9103343883308106,3,Passengers,0.4
1,3-10,2315,356,0.8820532921119408,0.9567150497454343,1.0572634807275822,10,Passengers,0.4
2,10-30,28678,1533,0.9512912027262911,0.9905118832530241,1.0281578393162316,30,Passengers,0.4
3,30-100,193291,3587,0.9606197435161374,0.9721600020741248,0.9869473542488558,100,Passengers,0.4
4,100-300,328131,2200,0.9247567261863077,0.9335363928087254,0.943529664554646,300,Passengers,0.4
5,300-1000,467712,1020,0.9228367049578663,0.9304040948667506,0.9379306051010533,1000,Passengers,0.4
6,1000-3000,491322,356,0.9308432844746254,0.9391221756826637,0.9443732648355353,3000,Passengers,0.4
7,3000-10000,363366,74,0.8919528554940744,0.9010996492267146,0.9102007070206352,10000,Passengers,0.4
8,10000-30000,439623,34,0.8484734882790997,0.8566264469740597,0.8636973790550658,30000,Passengers,0.4
0,1-3,12,12,0.6764574988874055,2.5388198757763973,inf,1,Drivers_Bailey,0.4
1,3-10,274,202,3.415268014059754,5.120958688819039,9.404031067961165,3,Drivers_Bailey,0.4
2,10-30,2264,1147,2.5176647744819887,2.8717175405003355,3.204083406092522,10,Drivers_Bailey,0.4
3,30-100,10828,3268,1.8796368551298883,1.985935673457847,2.0711928390290653,30,Drivers_Bailey,0.4
4,100-300,14207,2158,1.4434610324135433,1.5011423049355097,1.5940784526613017,100,Drivers_Bailey,0.4
5,300-1000,16495,1017,1.21648360431906,1.259239413710209,1.3030277936392742,300,Drivers_Bailey,0.4
6,1000-3000,15486,356,1.0710826459044345,1.1091248365534334,1.1473436965428636,1000,Drivers_Bailey,0.4
7,3000-10000,10873,74,0.94054117851444,1.0054217204378768,1.0419474437964222,3000,Drivers_Bailey,0.4
8,10000-30000,13644,34,0.8959667835180501,0.9353120257068959,0.9683856041341637,10000,Drivers_Bailey,0.4
0,1-3,12,12,0.6764574988874055,2.5388198757763973,inf,3,Drivers_Bailey,0.4
1,3-10,274,202,3.415268014059754,5.120958688819039,9.404031067961165,10,Drivers_Bailey,0.4
2,10-30,2264,1147,2.5176647744819887,2.8717175405003355,3.204083406092522,30,Drivers_Bailey,0.4
3,30-100,10828,3268,1.8796368551298883,1.985935673457847,2.0711928390290653,100,Drivers_Bailey,0.4
4,100-300,14207,2158,1.4434610324135433,1.5011423049355097,1.5940784526613017,300,Drivers_Bailey,0.4
5,300-1000,16495,1017,1.21648360431906,1.259239413710209,1.3030277936392742,1000,Drivers_Bailey,0.4
6,1000-3000,15486,356,1.0710826459044345,1.1091248365534334,1.1473436965428636,3000,Drivers_Bailey,0.4
7,3000-10000,10873,74,0.94054117851444,1.0054217204378768,1.0419474437964222,10000,Drivers_Bailey,0.4
8,10000-30000,13644,34,0.8959667835180501,0.9353120257068959,0.9683856041341637,30000,Drivers_Bailey,0.4
0,1-3,123,65,0.37704057249865136,0.5509366465013896,0.8571300166284661,1,Passengers,0.5
1,3-10,2219,342,0.8487150673571909,0.9597111862247154,1.0698066248802616,3,Passengers,0.5
2,10-30,24933,1370,0.9378366380865233,0.9936970210817981,1.0219728329620064,10,Passengers,0.5
3,30-100,169313,3249,0.9580600439006148,0.9732866461006638,0.9853321497015645,30,Passengers,0.5
4,100-300,279698,1983,0.9214207364930322,0.9312023694366618,0.9412937592440975,100,Passengers,0.5
5,300-1000,386511,910,0.9248736304714703,0.9318381833292332,0.9396158587878651,300,Passengers,0.5
6,1000-3000,425657,331,0.9299026420292962,0.9392902670874176,0.9467149006037585,1000,Passengers,0.5
7,3000-10000,333459,71,0.8926433345134649,0.9022786608427579,0.9113947659367412,3000,Passengers,0.5
8,10000-30000,399849,34,0.844516264265083,0.8519238349700964,0.8587796221103013,10000,Passengers,0.5
0,1-3,123,65,0.37704057249865136,0.5509366465013896,0.8571300166284661,3,Passengers,0.5
1,3-10,2219,342,0.8487150673571909,0.9597111862247154,1.0698066248802616,10,Passengers,0.5
2,10-30,24933,1370,0.9378366380865233,0.9936970210817981,1.0219728329620064,30,Passengers,0.5
3,30-100,169313,3249,0.9580600439006148,0.9732866461006638,0.9853321497015645,100,Passengers,0.5
4,100-300,279698,1983,0.9214207364930322,0.9312023694366618,0.9412937592440975,300,Passengers,0.5
5,300-1000,386511,910,0.9248736304714703,0.9318381833292332,0.9396158587878651,1000,Passengers,0.5
6,1000-3000,425657,331,0.9299026420292962,0.9392902670874176,0.9467149006037585,3000,Passengers,0.5
7,3000-10000,333459,71,0.8926433345134649,0.9022786608427579,0.9113947659367412,10000,Passengers,0.5
8,10000-30000,399849,34,0.844516264265083,0.8519238349700964,0.8587796221103013,30000,Passengers,0.5
0,1-3,11,11,0.6353808353808355,2.3279044516829535,inf,1,Drivers_Bailey,0.5
1,3-10,264,197,3.3322499309837124,5.283348782337574,8.485788792754914,3,Drivers_Bailey,0.5
2,10-30,1949,1002,2.5101229298788734,2.8402529336479554,3.2388257352627843,10,Drivers_Bailey,0.5
3,30-100,9517,2916,1.851482204054307,1.9711286071153782,2.0775727004864564,30,Drivers_Bailey,0.5
4,100-300,12125,1918,1.4382829406200837,1.511244835638208,1.583816370666789,100,Drivers_Bailey,0.5
5,300-1000,13689,903,1.2045887809173375,1.2498629613409706,1.300602697636475,300,Drivers_Bailey,0.5
6,1000-3000,13315,330,1.0670773931497295,1.1147000477150735,1.1484664928691397,1000,Drivers_Bailey,0.5
7,3000-10000,9925,71,0.9637396732126423,1.011931400202321,1.0571718639684162,3000,Drivers_Bailey,0.5
8,10000-30000,12396,34,0.8919616464897645,0.9351075558862276,0.9726245621444934,10000,Drivers_Bailey,0.5
0,1-3,11,11,0.6353808353808355,2.3279044516829535,inf,3,Drivers_Bailey,0.5
1,3-10,264,197,3.3322499309837124,5.283348782337574,8.485788792754914,10,Drivers_Bailey,0.5
2,10-30,1949,1002,2.5101229298788734,2.8402529336479554,3.2388257352627843,30,Drivers_Bailey,0.5
3,30-100,9517,2916,1.851482204054307,1.9711286071153782,2.0775727004864564,100,Drivers_Bailey,0.5
4,100-300,12125,1918,1.4382829406200837,1.511244835638208,1.583816370666789,300,Drivers_Bailey,0.5
5,300-1000,13689,903,1.2045887809173375,1.2498629613409706,1.300602697636475,1000,Drivers_Bailey,0.5
6,1000-3000,13315,330,1.0670773931497295,1.1147000477150735,1.1484664928691397,3000,Drivers_Bailey,0.5
7,3000-10000,9925,71,0.9637396732126423,1.011931400202321,1.0571718639684162,10000,Drivers_Bailey,0.5
8,10000-30000,12396,34,0.8919616464897645,0.9351075558862276,0.9726245621444934,30000,Drivers_Bailey,0.5
0,1-3,105,56,0.3498979580137355,0.5115852694800064,0.798052442809091,1,Passengers,0.6
1,3-10,2005,312,0.8252568558832004,0.9514639577208917,1.0531052284666664,3,Passengers,0.6
2,10-30,20532,1174,0.9709986939696745,1.0059028257805458,1.0495260244383675,10,Passengers,0.6
3,30-100,137899,2766,0.9557528568800079,0.9708500140354044,0.9901473445065135,30,Passengers,0.6
4,100-300,220058,1692,0.9166609517578348,0.9278378567926324,0.9399005115880663,100,Passengers,0.6
5,300-1000,306706,798,0.9223341292789904,0.9302766049047154,0.9375821287246401,300,Passengers,0.6
6,1000-3000,334491,305,0.9299702816233787,0.9390568848972167,0.9501970450627704,1000,Passengers,0.6
7,3000-10000,287787,69,0.8892527220025873,0.8968921069836109,0.9051881921641507,3000,Passengers,0.6
8,10000-30000,359312,33,0.8487987072277101,0.8576417392926662,0.868068626044356,10000,Passengers,0.6
0,1-3,105,56,0.3498979580137355,0.5115852694800064,0.798052442809091,3,Passengers,0.6
1,3-10,2005,312,0.8252568558832004,0.9514639577208917,1.0531052284666664,10,Passengers,0.6
2,10-30,20532,1174,0.9709986939696745,1.0059028257805458,1.0495260244383675,30,Passengers,0.6
3,30-100,137899,2766,0.9557528568800079,0.9708500140354044,0.9901473445065135,100,Passengers,0.6
4,100-300,220058,1692,0.9166609517578348,0.9278378567926324,0.9399005115880663,300,Passengers,0.6
5,300-1000,306706,798,0.9223341292789904,0.9302766049047154,0.9375821287246401,1000,Passengers,0.6
6,1000-3000,334491,305,0.9299702816233787,0.9390568848972167,0.9501970450627704,3000,Passengers,0.6
7,3000-10000,287787,69,0.8892527220025873,0.8968921069836109,0.9051881921641507,10000,Passengers,0.6
8,10000-30000,359312,33,0.8487987072277101,0.8576417392926662,0.868068626044356,30000,Passengers,0.6
0,1-3,9,9,0.5,1.537037037037037,inf,1,Drivers_Bailey,0.6
1,3-10,244,183,3.813792721336908,5.776593011305241,12.211701227253489,3,Drivers_Bailey,0.6
2,10-30,1628,842,2.551599948191071,3.026391714987709,3.588113795084198,10,Drivers_Bailey,0.6
3,30-100,7805,2429,1.8546838871890805,1.968394272301848,2.056276002817941,30,Drivers_Bailey,0.6
4,100-300,9581,1616,1.4325786788551953,1.5000820682893663,1.572403386495149,100,Drivers_Bailey,0.6
5,300-1000,10943,790,1.2204239118446607,1.2706094410435311,1.3229780392726638,300,Drivers_Bailey,0.6
6,1000-3000,10506,302,1.0841676262257758,1.1259674361726604,1.176772752096136,1000,Drivers_Bailey,0.6
7,3000-10000,8543,69,0.9617069813300095,1.0018044377435351,1.0550612907865982,3000,Drivers_Bailey,0.6
8,10000-30000,11149,33,0.9103956069692563,0.9472461139046672,0.9871203094668227,10000,Drivers_Bailey,0.6
0,1-3,9,9,0.5,1.537037037037037,inf,3,Drivers_Bailey,0.6
1,3-10,244,183,3.813792721336908,5.776593011305241,12.211701227253489,10,Drivers_Bailey,0.6
2,10-30,1628,842,2.551599948191071,3.026391714987709,3.588113795084198,30,Drivers_Bailey,0.6
3,30-100,7805,2429,1.8546838871890805,1.968394272301848,2.056276002817941,100,Drivers_Bailey,0.6
4,100-300,9581,1616,1.4325786788551953,1.5000820682893663,1.572403386495149,300,Drivers_Bailey,0.6
5,300-1000,10943,790,1.2204239118446607,1.2706094410435311,1.3229780392726638,1000,Drivers_Bailey,0.6
6,1000-3000,10506,302,1.0841676262257758,1.1259674361726604,1.176772752096136,3000,Drivers_Bailey,0.6
7,3000-10000,8543,69,0.9617069813300095,1.0018044377435351,1.0550612907865982,10000,Drivers_Bailey,0.6
8,10000-30000,11149,33,0.9103956069692563,0.9472461139046672,0.9871203094668227,30000,Drivers_Bailey,0.6
0,1-3,85,47,0.3024850247072469,0.5091539536899682,0.9925438596491228,1,Passengers,0.7000000000000001
1,3-10,1548,246,0.8298004684997861,0.9282559683745637,1.0548585803205728,3,Passengers,0.7000000000000001
2,10-30,14847,882,0.9721784793511044,1.0119496719254668,1.0548180459457452,10,Passengers,0.7000000000000001
3,30-100,100845,2116,0.9594658342173282,0.9766487781843066,0.9960356704178,30,Passengers,0.7000000000000001
4,100-300,148511,1266,0.9115364163995147,0.9277382592013458,0.939043068832029,100,Passengers,0.7000000000000001
5,300-1000,216717,653,0.9216254943847748,0.9298565294831936,0.9421160289530156,300,Passengers,0.7000000000000001
6,1000-3000,238374,257,0.9340509742999418,0.9437517762261146,0.9573959945422966,1000,Passengers,0.7000000000000001
7,3000-10000,188534,60,0.8770536146335022,0.8908463970149922,0.9027064162787672,3000,Passengers,0.7000000000000001
8,10000-30000,271369,30,0.8304403452797697,0.8432674247848416,0.8554096412088075,10000,Passengers,0.7000000000000001
0,1-3,85,47,0.3024850247072469,0.5091539536899682,0.9925438596491228,3,Passengers,0.7000000000000001
1,3-10,1548,246,0.8298004684997861,0.9282559683745637,1.0548585803205728,10,Passengers,0.7000000000000001
2,10-30,14847,882,0.9721784793511044,1.0119496719254668,1.0548180459457452,30,Passengers,0.7000000000000001
3,30-100,100845,2116,0.9594658342173282,0.9766487781843066,0.9960356704178,100,Passengers,0.7000000000000001
4,100-300,148511,1266,0.9115364163995147,0.9277382592013458,0.939043068832029,300,Passengers,0.7000000000000001
5,300-1000,216717,653,0.9216254943847748,0.9298565294831936,0.9421160289530156,1000,Passengers,0.7000000000000001
6,1000-3000,238374,257,0.9340509742999418,0.9437517762261146,0.9573959945422966,3000,Passengers,0.7000000000000001
7,3000-10000,188534,60,0.8770536146335022,0.8908463970149922,0.9027064162787672,10000,Passengers,0.7000000000000001
8,10000-30000,271369,30,0.8304403452797697,0.8432674247848416,0.8554096412088075,30000,Passengers,0.7000000000000001
0,1-3,5,5,0.2751937984496124,1.6885245901639347,inf,1,Drivers_Bailey,0.7000000000000001
1,3-10,185,136,3.1400349586686573,4.90538503412755,11.46376811594203,3,Drivers_Bailey,0.7000000000000001
2,10-30,1191,610,2.429175595128437,2.949094524630134,3.580697137035451,10,Drivers_Bailey,0.7000000000000001
3,30-100,5729,1805,1.8043063169569609,1.9363612628702722,2.059555136947802,30,Drivers_Bailey,0.7000000000000001
4,100-300,6453,1172,1.4008585426931295,1.4949425331003021,1.6140292988578082,100,Drivers_Bailey,0.7000000000000001
5,300-1000,7758,640,1.2210159565942356,1.2782562045727224,1.3257665300374308,300,Drivers_Bailey,0.7000000000000001
6,1000-3000,7483,252,1.0802749878777926,1.1358234864888979,1.1974990086890518,1000,Drivers_Bailey,0.7000000000000001
7,3000-10000,5587,59,0.9936183743100864,1.0572270236241095,1.110768942055826,3000,Drivers_Bailey,0.7000000000000001
8,10000-30000,8426,29,0.8883744334783155,0.9341474618100221,0.9831684744374685,10000,Drivers_Bailey,0.7000000000000001
0,1-3,5,5,0.2751937984496124,1.6885245901639347,inf,3,Drivers_Bailey,0.7000000000000001
1,3-10,185,136,3.1400349586686573,4.90538503412755,11.46376811594203,10,Drivers_Bailey,0.7000000000000001
2,10-30,1191,610,2.429175595128437,2.949094524630134,3.580697137035451,30,Drivers_Bailey,0.7000000000000001
3,30-100,5729,1805,1.8043063169569609,1.9363612628702722,2.059555136947802,100,Drivers_Bailey,0.7000000000000001
4,100-300,6453,1172,1.4008585426931295,1.4949425331003021,1.6140292988578082,300,Drivers_Bailey,0.7000000000000001
5,300-1000,7758,640,1.2210159565942356,1.2782562045727224,1.3257665300374308,1000,Drivers_Bailey,0.7000000000000001
6,1000-3000,7483,252,1.0802749878777926,1.1358234864888979,1.1974990086890518,3000,Drivers_Bailey,0.7000000000000001
7,3000-10000,5587,59,0.9936183743100864,1.0572270236241095,1.110768942055826,10000,Drivers_Bailey,0.7000000000000001
8,10000-30000,8426,29,0.8883744334783155,0.9341474618100221,0.9831684744374685,30000,Drivers_Bailey,0.7000000000000001
0,1-3,68,37,0.23242785308264102,0.44805005112225527,1.0780140094711919,1,Passengers,0.8
1,3-10,1133,183,0.8712030272438441,0.9945060568763361,1.1261660195226086,3,Passengers,0.8
2,10-30,10509,638,0.9430457289360559,0.9941912239498938,1.0521109639650035,10,Passengers,0.8
3,30-100,67915,1516,0.9572771955876743,0.9814592713999577,1.0008313193529064,30,Passengers,0.8
4,100-300,91797,873,0.9058354761461296,0.9212301700794325,0.9412759458084249,100,Passengers,0.8
5,300-1000,140924,485,0.9242724452388454,0.9361612971344903,0.9536606818242497,300,Passengers,0.8
6,1000-3000,163033,205,0.9335818695035426,0.9453618434052741,0.9594463302467976,1000,Passengers,0.8
7,3000-10000,114103,53,0.8879262691577422,0.9033932657989165,0.9193700433792671,3000,Passengers,0.8
8,10000-30000,180473,25,0.8265694642470265,0.8370418014950239,0.8497908652474024,10000,Passengers,0.8
0,1-3,68,37,0.23242785308264102,0.44805005112225527,1.0780140094711919,3,Passengers,0.8
1,3-10,1133,183,0.8712030272438441,0.9945060568763361,1.1261660195226086,10,Passengers,0.8
2,10-30,10509,638,0.9430457289360559,0.9941912239498938,1.0521109639650035,30,Passengers,0.8
3,30-100,67915,1516,0.9572771955876743,0.9814592713999577,1.0008313193529064,100,Passengers,0.8
4,100-300,91797,873,0.9058354761461296,0.9212301700794325,0.9412759458084249,300,Passengers,0.8
5,300-1000,140924,485,0.9242724452388454,0.9361612971344903,0.9536606818242497,1000,Passengers,0.8
6,1000-3000,163033,205,0.9335818695035426,0.9453618434052741,0.9594463302467976,3000,Passengers,0.8
7,3000-10000,114103,53,0.8879262691577422,0.9033932657989165,0.9193700433792671,10000,Passengers,0.8
8,10000-30000,180473,25,0.8265694642470265,0.8370418014950239,0.8497908652474024,30000,Passengers,0.8
0,1-3,5,5,0.0,1.6885245901639347,inf,1,Drivers_Bailey,0.8
1,3-10,129,98,2.305578252671276,4.117298896959913,11.824573150318045,3,Drivers_Bailey,0.8
2,10-30,838,431,2.3498755444928436,2.773416066626654,3.4488811102338985,10,Drivers_Bailey,0.8
3,30-100,3845,1252,1.77761316560839,1.916154881840523,2.1074772501771797,30,Drivers_Bailey,0.8
4,100-300,3979,781,1.3913515719284233,1.4798609849200515,1.5821289717815858,100,Drivers_Bailey,0.8
5,300-1000,5075,465,1.1598793585950755,1.2505064439556068,1.3418511341116768,300,Drivers_Bailey,0.8
6,1000-3000,5140,197,1.0809449839972323,1.151039054427236,1.2295301279534392,1000,Drivers_Bailey,0.8
7,3000-10000,3347,50,0.9738960552867125,1.0560445698275567,1.1292789824361191,3000,Drivers_Bailey,0.8
8,10000-30000,5601,23,0.8894871598404969,0.9421480394957836,1.0136131408807005,10000,Drivers_Bailey,0.8
0,1-3,5,5,0.0,1.6885245901639347,inf,3,Drivers_Bailey,0.8
1,3-10,129,98,2.305578252671276,4.117298896959913,11.824573150318045,10,Drivers_Bailey,0.8
2,10-30,838,431,2.3498755444928436,2.773416066626654,3.4488811102338985,30,Drivers_Bailey,0.8
3,30-100,3845,1252,1.77761316560839,1.916154881840523,2.1074772501771797,100,Drivers_Bailey,0.8
4,100-300,3979,781,1.3913515719284233,1.4798609849200515,1.5821289717815858,300,Drivers_Bailey,0.8
5,300-1000,5075,465,1.1598793585950755,1.2505064439556068,1.3418511341116768,1000,Drivers_Bailey,0.8
6,1000-3000,5140,197,1.0809449839972323,1.151039054427236,1.2295301279534392,3000,Drivers_Bailey,0.8
7,3000-10000,3347,50,0.9738960552867125,1.0560445698275567,1.1292789824361191,10000,Drivers_Bailey,0.8
8,10000-30000,5601,23,0.8894871598404969,0.9421480394957836,1.0136131408807005,30000,Drivers_Bailey,0.8
0,1-3,49,25,0.3153638814016172,0.5285500169221099,1.2611540749553836,1,Passengers,0.9
1,3-10,692,116,0.7971174561700521,0.9692322892374959,1.1638964497041422,3,Passengers,0.9
2,10-30,5439,337,0.8994449090743167,0.9626646330782052,1.03686638804982,10,Passengers,0.9
3,30-100,32816,808,0.9591542179199901,0.9887830550274197,1.0240166396935735,30,Passengers,0.9
4,100-300,44050,470,0.8999353943028475,0.9258455793252504,0.9501166719528497,100,Passengers,0.9
5,300-1000,70580,288,0.9115660106868806,0.9321151693827386,0.9487058928624154,300,Passengers,0.9
6,1000-3000,79505,124,0.9254830253806959,0.9405604327615015,0.956385538229016,1000,Passengers,0.9
7,3000-10000,47850,35,0.8807174825566196,0.904118848819332,0.927155989501053,3000,Passengers,0.9
8,10000-30000,97652,16,0.8158795396580827,0.8311675399776763,0.8457033894027012,10000,Passengers,0.9
0,1-3,49,25,0.3153638814016172,0.5285500169221099,1.2611540749553836,3,Passengers,0.9
1,3-10,692,116,0.7971174561700521,0.9692322892374959,1.1638964497041422,10,Passengers,0.9
2,10-30,5439,337,0.8994449090743167,0.9626646330782052,1.03686638804982,30,Passengers,0.9
3,30-100,32816,808,0.9591542179199901,0.9887830550274197,1.0240166396935735,100,Passengers,0.9
4,100-300,44050,470,0.8999353943028475,0.9258455793252504,0.9501166719528497,300,Passengers,0.9
5,300-1000,70580,288,0.9115660106868806,0.9321151693827386,0.9487058928624154,1000,Passengers,0.9
6,1000-3000,79505,124,0.9254830253806959,0.9405604327615015,0.956385538229016,3000,Passengers,0.9
7,3000-10000,47850,35,0.8807174825566196,0.904118848819332,0.927155989501053,10000,Passengers,0.9
8,10000-30000,97652,16,0.8158795396580827,0.8311675399776763,0.8457033894027012,30000,Passengers,0.9
0,1-3,1,1,inf,inf,inf,1,Drivers_Bailey,0.9
1,3-10,84,62,2.797718120805369,5.7506481263257125,21.272191287258433,3,Drivers_Bailey,0.9
2,10-30,409,225,2.1915777653003934,2.8653234906624596,4.04566785739301,10,Drivers_Bailey,0.9
3,30-100,1841,626,1.8324109602280967,2.0311029477509237,2.268758683426006,30,Drivers_Bailey,0.9
4,100-300,1860,398,1.2833593649234623,1.4262817480644188,1.5815421255130646,100,Drivers_Bailey,0.9
5,300-1000,2455,268,1.148929064359441,1.239425695317149,1.3465514311045077,300,Drivers_Bailey,0.9
6,1000-3000,2458,115,1.0920325281881116,1.184882895904036,1.2970018764693279,1000,Drivers_Bailey,0.9
7,3000-10000,1384,32,0.9496651863120664,1.10565441069197,1.2224979087140024,3000,Drivers_Bailey,0.9
8,10000-30000,3024,12,0.8435135092675352,0.9093731718414216,1.0037929178226288,10000,Drivers_Bailey,0.9
0,1-3,1,1,inf,inf,inf,3,Drivers_Bailey,0.9
1,3-10,84,62,2.797718120805369,5.7506481263257125,21.272191287258433,10,Drivers_Bailey,0.9
2,10-30,409,225,2.1915777653003934,2.8653234906624596,4.04566785739301,30,Drivers_Bailey,0.9
3,30-100,1841,626,1.8324109602280967,2.0311029477509237,2.268758683426006,100,Drivers_Bailey,0.9
4,100-300,1860,398,1.2833593649234623,1.4262817480644188,1.5815421255130646,300,Drivers_Bailey,0.9
5,300-1000,2455,268,1.148929064359441,1.239425695317149,1.3465514311045077,1000,Drivers_Bailey,0.9
6,1000-3000,2458,115,1.0920325281881116,1.184882895904036,1.2970018764693279,3000,Drivers_Bailey,0.9
7,3000-10000,1384,32,0.9496651863120664,1.10565441069197,1.2224979087140024,10000,Drivers_Bailey,0.9
8,10000-30000,3024,12,0.8435135092675352,0.9093731718414216,1.0037929178226288,30000,Drivers_Bailey,0.9
