,xbin,NumMutsInBin,NumPatientsInBin,low,true,high,Bin,Group,PurityThreshold
0,1-3,120.0,63.0,0.42838649161805237,0.6401685856760656,0.956649721933539,1,Passengers,0.0
1,10-30,30914.0,1616.0,1.0306733155140047,1.058495025351342,1.087067746713497,10,Passengers,0.0
2,100-300,380423.0,2354.0,1.012623381974365,1.0205181295365933,1.0284744271678607,100,Passengers,0.0
3,1000-3000,564735.0,367.0,1.0154927310032145,1.0217353022656772,1.028016248688077,1000,Passengers,0.0
4,10000-30000,432834.0,32.0,1.0474591248680885,1.0553386127323918,1.0632773738681094,10000,Passengers,0.0
5,3-10,2451.0,375.0,0.8905563225900347,0.9774654085077982,1.0728559222965064,3,Passengers,0.0
6,30-100,217790.0,3836.0,1.045333855753865,1.0559963583016676,1.066767619367102,30,Passengers,0.0
7,300-1000,572716.0,1127.0,1.0036595567153972,1.009978294068422,1.016336812282865,300,Passengers,0.0
8,3000-10000,390588.0,75.0,1.0371358952906704,1.0450229009475713,1.0529698841431097,3000,Passengers,0.0
9,nan,,,1.0317996794620952,1.0588875274963878,1.0866865130952041,nan,Passengers,0.0
0,1-3,120.0,63.0,0.42838649161805237,0.6401685856760656,0.956649721933539,3,Passengers,0.0
1,10-30,30914.0,1616.0,1.0306733155140047,1.058495025351342,1.087067746713497,30,Passengers,0.0
2,100-300,380423.0,2354.0,1.012623381974365,1.0205181295365933,1.0284744271678607,300,Passengers,0.0
3,1000-3000,564735.0,367.0,1.0154927310032145,1.0217353022656772,1.028016248688077,3000,Passengers,0.0
4,10000-30000,432834.0,32.0,1.0474591248680885,1.0553386127323918,1.0632773738681094,30000,Passengers,0.0
5,3-10,2451.0,375.0,0.8905563225900347,0.9774654085077982,1.0728559222965064,10,Passengers,0.0
6,30-100,217790.0,3836.0,1.045333855753865,1.0559963583016676,1.066767619367102,100,Passengers,0.0
7,300-1000,572716.0,1127.0,1.0036595567153972,1.009978294068422,1.016336812282865,1000,Passengers,0.0
8,3000-10000,390588.0,75.0,1.0371358952906704,1.0450229009475713,1.0529698841431097,10000,Passengers,0.0
9,nan,,,1.0317996794620952,1.0588875274963878,1.0866865130952041,,Passengers,0.0
0,1-3,13.0,13.0,0.3165158558345856,1.2163988364558342,4.674729881792636,1,Drivers_Bailey,0.0
1,10-30,2412.0,1211.0,2.6898476608839097,3.081837886719331,3.5309526625376364,10,Drivers_Bailey,0.0
2,100-300,16359.0,2345.0,1.6997860589513658,1.7738951744596974,1.8512353795351566,100,Drivers_Bailey,0.0
3,1000-3000,17781.0,367.0,1.2029184484023248,1.2469147695313294,1.2925202407032632,1000,Drivers_Bailey,0.0
4,10000-30000,13435.0,32.0,1.153488857441362,1.2048333282961212,1.258463260922226,10000,Drivers_Bailey,0.0
5,3-10,302.0,225.0,2.6243118080920245,4.12676839611679,6.489403180931446,3,Drivers_Bailey,0.0
6,30-100,12089.0,3577.0,2.181671805960584,2.301345853429962,2.427584535230944,30,Drivers_Bailey,0.0
7,300-1000,19991.0,1127.0,1.4288010743296737,1.4822139260060185,1.5376235096105908,300,Drivers_Bailey,0.0
8,3000-10000,11579.0,75.0,1.2076201317064492,1.2642432986527967,1.3235214255081875,3000,Drivers_Bailey,0.0
9,nan,,,0.9338091664367956,1.0931495655492642,1.2796789918226041,nan,Drivers_Bailey,0.0
0,1-3,13.0,13.0,0.3165158558345856,1.2163988364558342,4.674729881792636,3,Drivers_Bailey,0.0
1,10-30,2412.0,1211.0,2.6898476608839097,3.081837886719331,3.5309526625376364,30,Drivers_Bailey,0.0
2,100-300,16359.0,2345.0,1.6997860589513658,1.7738951744596974,1.8512353795351566,300,Drivers_Bailey,0.0
3,1000-3000,17781.0,367.0,1.2029184484023248,1.2469147695313294,1.2925202407032632,3000,Drivers_Bailey,0.0
4,10000-30000,13435.0,32.0,1.153488857441362,1.2048333282961212,1.258463260922226,30000,Drivers_Bailey,0.0
5,3-10,302.0,225.0,2.6243118080920245,4.12676839611679,6.489403180931446,10,Drivers_Bailey,0.0
6,30-100,12089.0,3577.0,2.181671805960584,2.301345853429962,2.427584535230944,100,Drivers_Bailey,0.0
7,300-1000,19991.0,1127.0,1.4288010743296737,1.4822139260060185,1.5376235096105908,1000,Drivers_Bailey,0.0
8,3000-10000,11579.0,75.0,1.2076201317064492,1.2642432986527967,1.3235214255081875,10000,Drivers_Bailey,0.0
9,nan,,,0.9338091664367956,1.0931495655492642,1.2796789918226041,,Drivers_Bailey,0.0
0,1-3,120.0,63.0,0.42838649161805237,0.6401685856760656,0.956649721933539,1,Passengers,0.1
1,10-30,30896.0,1615.0,1.0303509126159691,1.0581720172205877,1.0867443356611373,10,Passengers,0.1
2,100-300,380279.0,2353.0,1.0125931807210504,1.0204890893999623,1.028446568090457,100,Passengers,0.1
3,1000-3000,564735.0,367.0,1.0154927310032145,1.0217353022656772,1.028016248688077,1000,Passengers,0.1
4,10000-30000,432834.0,32.0,1.0474591248680885,1.0553386127323918,1.0632773738681094,10000,Passengers,0.1
5,3-10,2451.0,375.0,0.8905563225900347,0.9774654085077982,1.0728559222965064,3,Passengers,0.1
6,30-100,217692.0,3834.0,1.045337877720979,1.056003001386717,1.066776936629295,30,Passengers,0.1
7,300-1000,572157.0,1126.0,1.0036592283191736,1.009979617380261,1.0163398081158177,300,Passengers,0.1
8,3000-10000,390588.0,75.0,1.0371358952906704,1.0450229009475713,1.0529698841431097,3000,Passengers,0.1
9,nan,,,1.0317996794620952,1.0588875274963878,1.0866865130952041,nan,Passengers,0.1
0,1-3,120.0,63.0,0.42838649161805237,0.6401685856760656,0.956649721933539,3,Passengers,0.1
1,10-30,30896.0,1615.0,1.0303509126159691,1.0581720172205877,1.0867443356611373,30,Passengers,0.1
2,100-300,380279.0,2353.0,1.0125931807210504,1.0204890893999623,1.028446568090457,300,Passengers,0.1
3,1000-3000,564735.0,367.0,1.0154927310032145,1.0217353022656772,1.028016248688077,3000,Passengers,0.1
4,10000-30000,432834.0,32.0,1.0474591248680885,1.0553386127323918,1.0632773738681094,30000,Passengers,0.1
5,3-10,2451.0,375.0,0.8905563225900347,0.9774654085077982,1.0728559222965064,10,Passengers,0.1
6,30-100,217692.0,3834.0,1.045337877720979,1.056003001386717,1.066776936629295,100,Passengers,0.1
7,300-1000,572157.0,1126.0,1.0036592283191736,1.009979617380261,1.0163398081158177,1000,Passengers,0.1
8,3000-10000,390588.0,75.0,1.0371358952906704,1.0450229009475713,1.0529698841431097,10000,Passengers,0.1
9,nan,,,1.0317996794620952,1.0588875274963878,1.0866865130952041,,Passengers,0.1
0,1-3,13.0,13.0,0.3165158558345856,1.2163988364558342,4.674729881792636,1,Drivers_Bailey,0.1
1,10-30,2412.0,1211.0,2.6898476608839097,3.081837886719331,3.5309526625376364,10,Drivers_Bailey,0.1
2,100-300,16352.0,2344.0,1.7006503140843652,1.7748211529927007,1.8522268211300703,100,Drivers_Bailey,0.1
3,1000-3000,17781.0,367.0,1.2029184484023248,1.2469147695313294,1.2925202407032632,1000,Drivers_Bailey,0.1
4,10000-30000,13435.0,32.0,1.153488857441362,1.2048333282961212,1.258463260922226,10000,Drivers_Bailey,0.1
5,3-10,302.0,225.0,2.6243118080920245,4.12676839611679,6.489403180931446,3,Drivers_Bailey,0.1
6,30-100,12083.0,3575.0,2.1809684903215576,2.3006093045118297,2.42681322334283,30,Drivers_Bailey,0.1
7,300-1000,19962.0,1126.0,1.4286015052190721,1.4820276406566188,1.5374517803923293,300,Drivers_Bailey,0.1
8,3000-10000,11579.0,75.0,1.2076201317064492,1.2642432986527967,1.3235214255081875,3000,Drivers_Bailey,0.1
9,nan,,,0.9338091664367956,1.0931495655492642,1.2796789918226041,nan,Drivers_Bailey,0.1
0,1-3,13.0,13.0,0.3165158558345856,1.2163988364558342,4.674729881792636,3,Drivers_Bailey,0.1
1,10-30,2412.0,1211.0,2.6898476608839097,3.081837886719331,3.5309526625376364,30,Drivers_Bailey,0.1
2,100-300,16352.0,2344.0,1.7006503140843652,1.7748211529927007,1.8522268211300703,300,Drivers_Bailey,0.1
3,1000-3000,17781.0,367.0,1.2029184484023248,1.2469147695313294,1.2925202407032632,3000,Drivers_Bailey,0.1
4,10000-30000,13435.0,32.0,1.153488857441362,1.2048333282961212,1.258463260922226,30000,Drivers_Bailey,0.1
5,3-10,302.0,225.0,2.6243118080920245,4.12676839611679,6.489403180931446,10,Drivers_Bailey,0.1
6,30-100,12083.0,3575.0,2.1809684903215576,2.3006093045118297,2.42681322334283,100,Drivers_Bailey,0.1
7,300-1000,19962.0,1126.0,1.4286015052190721,1.4820276406566188,1.5374517803923293,1000,Drivers_Bailey,0.1
8,3000-10000,11579.0,75.0,1.2076201317064492,1.2642432986527967,1.3235214255081875,10000,Drivers_Bailey,0.1
9,nan,,,0.9338091664367956,1.0931495655492642,1.2796789918226041,,Drivers_Bailey,0.1
0,1-3,116.0,61.0,0.40997911861730746,0.6149146083694271,0.922290815350232,1,Passengers,0.2
1,10-30,30344.0,1586.0,1.0319272909052846,1.060068727105667,1.0889776015145354,10,Passengers,0.2
2,100-300,375446.0,2325.0,1.012238525511705,1.0201829898441,1.02818980560053,100,Passengers,0.2
3,1000-3000,556865.0,363.0,1.0153017976436172,1.0215906298296134,1.0279184153695338,1000,Passengers,0.2
4,10000-30000,432834.0,32.0,1.0474591248680885,1.0553386127323918,1.0632773738681094,10000,Passengers,0.2
5,3-10,2433.0,372.0,0.8958460500865026,0.9837757917305672,1.0803360781706326,3,Passengers,0.2
6,30-100,214909.0,3783.0,1.0452938899937054,1.056029251625643,1.0668748674076067,30,Passengers,0.2
7,300-1000,564769.0,1111.0,1.0041253211528944,1.0104853328013588,1.0168856280153469,300,Passengers,0.2
8,3000-10000,390588.0,75.0,1.0371358952906704,1.0450229009475713,1.0529698841431097,3000,Passengers,0.2
9,nan,,,1.0317996794620952,1.0588875274963878,1.0866865130952041,nan,Passengers,0.2
0,1-3,116.0,61.0,0.40997911861730746,0.6149146083694271,0.922290815350232,3,Passengers,0.2
1,10-30,30344.0,1586.0,1.0319272909052846,1.060068727105667,1.0889776015145354,30,Passengers,0.2
2,100-300,375446.0,2325.0,1.012238525511705,1.0201829898441,1.02818980560053,300,Passengers,0.2
3,1000-3000,556865.0,363.0,1.0153017976436172,1.0215906298296134,1.0279184153695338,3000,Passengers,0.2
4,10000-30000,432834.0,32.0,1.0474591248680885,1.0553386127323918,1.0632773738681094,30000,Passengers,0.2
5,3-10,2433.0,372.0,0.8958460500865026,0.9837757917305672,1.0803360781706326,10,Passengers,0.2
6,30-100,214909.0,3783.0,1.0452938899937054,1.056029251625643,1.0668748674076067,100,Passengers,0.2
7,300-1000,564769.0,1111.0,1.0041253211528944,1.0104853328013588,1.0168856280153469,1000,Passengers,0.2
8,3000-10000,390588.0,75.0,1.0371358952906704,1.0450229009475713,1.0529698841431097,10000,Passengers,0.2
9,nan,,,1.0317996794620952,1.0588875274963878,1.0866865130952041,,Passengers,0.2
0,1-3,13.0,13.0,0.3165158558345856,1.2163988364558342,4.674729881792636,1,Drivers_Bailey,0.2
1,10-30,2378.0,1196.0,2.696649303977177,3.0938410699376493,3.549535548399195,10,Drivers_Bailey,0.2
2,100-300,16170.0,2316.0,1.6964654938932062,1.7708456990233554,1.8484870461779774,100,Drivers_Bailey,0.2
3,1000-3000,17580.0,363.0,1.2009640140493179,1.245166701961153,1.2909963142402248,1000,Drivers_Bailey,0.2
4,10000-30000,13435.0,32.0,1.153488857441362,1.2048333282961212,1.258463260922226,10000,Drivers_Bailey,0.2
5,3-10,298.0,222.0,2.5943340513751707,4.080822881016356,6.4190328062800415,3,Drivers_Bailey,0.2
6,30-100,11907.0,3526.0,2.1894145163195216,2.310618568095768,2.4385323690115577,30,Drivers_Bailey,0.2
7,300-1000,19696.0,1111.0,1.4271759778317263,1.4808650905296874,1.5365739407141734,300,Drivers_Bailey,0.2
8,3000-10000,11579.0,75.0,1.2076201317064492,1.2642432986527967,1.3235214255081875,3000,Drivers_Bailey,0.2
9,nan,,,0.9338091664367956,1.0931495655492642,1.2796789918226041,nan,Drivers_Bailey,0.2
0,1-3,13.0,13.0,0.3165158558345856,1.2163988364558342,4.674729881792636,3,Drivers_Bailey,0.2
1,10-30,2378.0,1196.0,2.696649303977177,3.0938410699376493,3.549535548399195,30,Drivers_Bailey,0.2
2,100-300,16170.0,2316.0,1.6964654938932062,1.7708456990233554,1.8484870461779774,300,Drivers_Bailey,0.2
3,1000-3000,17580.0,363.0,1.2009640140493179,1.245166701961153,1.2909963142402248,3000,Drivers_Bailey,0.2
4,10000-30000,13435.0,32.0,1.153488857441362,1.2048333282961212,1.258463260922226,30000,Drivers_Bailey,0.2
5,3-10,298.0,222.0,2.5943340513751707,4.080822881016356,6.4190328062800415,10,Drivers_Bailey,0.2
6,30-100,11907.0,3526.0,2.1894145163195216,2.310618568095768,2.4385323690115577,100,Drivers_Bailey,0.2
7,300-1000,19696.0,1111.0,1.4271759778317263,1.4808650905296874,1.5365739407141734,1000,Drivers_Bailey,0.2
8,3000-10000,11579.0,75.0,1.2076201317064492,1.2642432986527967,1.3235214255081875,10000,Drivers_Bailey,0.2
9,nan,,,0.9338091664367956,1.0931495655492642,1.2796789918226041,,Drivers_Bailey,0.2
0,1-3,102.0,55.0,0.3879109899384152,0.5971553549462905,0.9192689230012357,1,Passengers,0.30000000000000004
1,10-30,28095.0,1469.0,1.0293911773291444,1.0585688867007523,1.0885736273729225,10,Passengers,0.30000000000000004
2,100-300,345626.0,2147.0,1.0118207242927721,1.020093219105061,1.0284333485968695,100,Passengers,0.30000000000000004
3,1000-3000,523614.0,340.0,1.0134335857682375,1.019907905498355,1.0264235864153888,1000,Passengers,0.30000000000000004
4,10000-30000,432834.0,32.0,1.0474591248680885,1.0553386127323918,1.0632773738681094,10000,Passengers,0.30000000000000004
5,3-10,2265.0,347.0,0.8983373420502266,0.9899837710382121,1.0909797701187434,3,Passengers,0.30000000000000004
6,30-100,201558.0,3551.0,1.0437078321201132,1.054775225925986,1.0659599774845598,30,Passengers,0.30000000000000004
7,300-1000,513795.0,1008.0,1.003149027040526,1.0097946314684765,1.0164842613173983,300,Passengers,0.30000000000000004
8,3000-10000,378707.0,72.0,1.03966490045161,1.047716612524801,1.0558306812931937,3000,Passengers,0.30000000000000004
9,nan,,,1.0317996794620952,1.0588875274963878,1.0866865130952041,nan,Passengers,0.30000000000000004
0,1-3,102.0,55.0,0.3879109899384152,0.5971553549462905,0.9192689230012357,3,Passengers,0.30000000000000004
1,10-30,28095.0,1469.0,1.0293911773291444,1.0585688867007523,1.0885736273729225,30,Passengers,0.30000000000000004
2,100-300,345626.0,2147.0,1.0118207242927721,1.020093219105061,1.0284333485968695,300,Passengers,0.30000000000000004
3,1000-3000,523614.0,340.0,1.0134335857682375,1.019907905498355,1.0264235864153888,3000,Passengers,0.30000000000000004
4,10000-30000,432834.0,32.0,1.0474591248680885,1.0553386127323918,1.0632773738681094,30000,Passengers,0.30000000000000004
5,3-10,2265.0,347.0,0.8983373420502266,0.9899837710382121,1.0909797701187434,10,Passengers,0.30000000000000004
6,30-100,201558.0,3551.0,1.0437078321201132,1.054775225925986,1.0659599774845598,100,Passengers,0.30000000000000004
7,300-1000,513795.0,1008.0,1.003149027040526,1.0097946314684765,1.0164842613173983,1000,Passengers,0.30000000000000004
8,3000-10000,378707.0,72.0,1.03966490045161,1.047716612524801,1.0558306812931937,10000,Passengers,0.30000000000000004
9,nan,,,1.0317996794620952,1.0588875274963878,1.0866865130952041,,Passengers,0.30000000000000004
0,1-3,12.0,12.0,0.2638323386141587,1.0407906300756669,4.105808792596476,1,Drivers_Bailey,0.30000000000000004
1,10-30,2222.0,1114.0,2.795464425972974,3.231081210578404,3.734580090647784,10,Drivers_Bailey,0.30000000000000004
2,100-300,14871.0,2139.0,1.6892377783327703,1.766446549272384,1.8471842457347796,100,Drivers_Bailey,0.30000000000000004
3,1000-3000,16520.0,340.0,1.204722919598539,1.2505268115194454,1.2980721798254788,1000,Drivers_Bailey,0.30000000000000004
4,10000-30000,13435.0,32.0,1.153488857441362,1.2048333282961212,1.258463260922226,10000,Drivers_Bailey,0.30000000000000004
5,3-10,289.0,214.0,2.5988455079210317,4.13237850835788,6.570822345649409,3,Drivers_Bailey,0.30000000000000004
6,30-100,11188.0,3309.0,2.1856206602998682,2.310440768516878,2.442389313840246,30,Drivers_Bailey,0.30000000000000004
7,300-1000,18024.0,1008.0,1.4230053902611086,1.4788469978174028,1.5368799429159246,300,Drivers_Bailey,0.30000000000000004
8,3000-10000,11282.0,72.0,1.2139846709683664,1.2719158340978027,1.332611463485987,3000,Drivers_Bailey,0.30000000000000004
9,nan,,,0.9338091664367956,1.0931495655492642,1.2796789918226041,nan,Drivers_Bailey,0.30000000000000004
0,1-3,12.0,12.0,0.2638323386141587,1.0407906300756669,4.105808792596476,3,Drivers_Bailey,0.30000000000000004
1,10-30,2222.0,1114.0,2.795464425972974,3.231081210578404,3.734580090647784,30,Drivers_Bailey,0.30000000000000004
2,100-300,14871.0,2139.0,1.6892377783327703,1.766446549272384,1.8471842457347796,300,Drivers_Bailey,0.30000000000000004
3,1000-3000,16520.0,340.0,1.204722919598539,1.2505268115194454,1.2980721798254788,3000,Drivers_Bailey,0.30000000000000004
4,10000-30000,13435.0,32.0,1.153488857441362,1.2048333282961212,1.258463260922226,30000,Drivers_Bailey,0.30000000000000004
5,3-10,289.0,214.0,2.5988455079210317,4.13237850835788,6.570822345649409,10,Drivers_Bailey,0.30000000000000004
6,30-100,11188.0,3309.0,2.1856206602998682,2.310440768516878,2.442389313840246,100,Drivers_Bailey,0.30000000000000004
7,300-1000,18024.0,1008.0,1.4230053902611086,1.4788469978174028,1.5368799429159246,1000,Drivers_Bailey,0.30000000000000004
8,3000-10000,11282.0,72.0,1.2139846709683664,1.2719158340978027,1.332611463485987,10000,Drivers_Bailey,0.30000000000000004
9,nan,,,0.9338091664367956,1.0931495655492642,1.2796789918226041,,Drivers_Bailey,0.30000000000000004
0,1-3,91.0,50.0,0.43011809946095797,0.6808190668033859,1.077644959149427,1,Passengers,0.4
1,10-30,26045.0,1368.0,1.0179683398089374,1.0479146911867365,1.0787419972325472,10,Passengers,0.4
2,100-300,307168.0,1919.0,1.0105097117257786,1.0192764201006599,1.0281191843262059,100,Passengers,0.4
3,1000-3000,472667.0,305.0,1.0116892057977904,1.0184617184648674,1.0252795681065439,1000,Passengers,0.4
4,10000-30000,414569.0,31.0,1.0479030523605652,1.0559762849125374,1.0641117150921349,10000,Passengers,0.4
5,3-10,2147.0,328.0,0.9058072047579169,1.001052501827333,1.1063128071305,3,Passengers,0.4
6,30-100,186942.0,3297.0,1.0417674496421723,1.0532314522227437,1.0648216090186464,30,Passengers,0.4
7,300-1000,444212.0,878.0,1.0040725062039841,1.0111968064895935,1.0183716565654282,300,Passengers,0.4
8,3000-10000,365480.0,69.0,1.0392937026258904,1.047493499380176,1.0557579907117907,3000,Passengers,0.4
9,nan,,,1.0317996794620952,1.0588875274963878,1.0866865130952041,nan,Passengers,0.4
0,1-3,91.0,50.0,0.43011809946095797,0.6808190668033859,1.077644959149427,3,Passengers,0.4
1,10-30,26045.0,1368.0,1.0179683398089374,1.0479146911867365,1.0787419972325472,30,Passengers,0.4
2,100-300,307168.0,1919.0,1.0105097117257786,1.0192764201006599,1.0281191843262059,300,Passengers,0.4
3,1000-3000,472667.0,305.0,1.0116892057977904,1.0184617184648674,1.0252795681065439,3000,Passengers,0.4
4,10000-30000,414569.0,31.0,1.0479030523605652,1.0559762849125374,1.0641117150921349,30000,Passengers,0.4
5,3-10,2147.0,328.0,0.9058072047579169,1.001052501827333,1.1063128071305,10,Passengers,0.4
6,30-100,186942.0,3297.0,1.0417674496421723,1.0532314522227437,1.0648216090186464,100,Passengers,0.4
7,300-1000,444212.0,878.0,1.0040725062039841,1.0111968064895935,1.0183716565654282,1000,Passengers,0.4
8,3000-10000,365480.0,69.0,1.0392937026258904,1.047493499380176,1.0557579907117907,10000,Passengers,0.4
9,nan,,,1.0317996794620952,1.0588875274963878,1.0866865130952041,,Passengers,0.4
0,1-3,10.0,10.0,0.1799337675155499,0.7582238944022702,3.1950838465762783,1,Drivers_Bailey,0.4
1,10-30,2098.0,1052.0,2.76988734570418,3.2162178607035052,3.734468603407585,10,Drivers_Bailey,0.4
2,100-300,13281.0,1911.0,1.6979786714896765,1.7803688651476055,1.8667568381210047,100,Drivers_Bailey,0.4
3,1000-3000,14859.0,305.0,1.204683762927257,1.2528709972465275,1.302985716290667,1000,Drivers_Bailey,0.4
4,10000-30000,12877.0,31.0,1.147609375356362,1.1998712051019098,1.2545130248571283,10000,Drivers_Bailey,0.4
5,3-10,273.0,200.0,2.8376267657287606,4.679164581582405,7.71580725342935,3,Drivers_Bailey,0.4
6,30-100,10395.0,3071.0,2.1798383508928767,2.3090985794476615,2.4460236913545503,30,Drivers_Bailey,0.4
7,300-1000,15598.0,878.0,1.4238077886717082,1.483742640051563,1.546200434793932,300,Drivers_Bailey,0.4
8,3000-10000,10888.0,69.0,1.2133383139758422,1.2723694951587872,1.3342726538534577,3000,Drivers_Bailey,0.4
9,nan,,,0.9338091664367956,1.0931495655492642,1.2796789918226041,nan,Drivers_Bailey,0.4
0,1-3,10.0,10.0,0.1799337675155499,0.7582238944022702,3.1950838465762783,3,Drivers_Bailey,0.4
1,10-30,2098.0,1052.0,2.76988734570418,3.2162178607035052,3.734468603407585,30,Drivers_Bailey,0.4
2,100-300,13281.0,1911.0,1.6979786714896765,1.7803688651476055,1.8667568381210047,300,Drivers_Bailey,0.4
3,1000-3000,14859.0,305.0,1.204683762927257,1.2528709972465275,1.302985716290667,3000,Drivers_Bailey,0.4
4,10000-30000,12877.0,31.0,1.147609375356362,1.1998712051019098,1.2545130248571283,30000,Drivers_Bailey,0.4
5,3-10,273.0,200.0,2.8376267657287606,4.679164581582405,7.71580725342935,10,Drivers_Bailey,0.4
6,30-100,10395.0,3071.0,2.1798383508928767,2.3090985794476615,2.4460236913545503,100,Drivers_Bailey,0.4
7,300-1000,15598.0,878.0,1.4238077886717082,1.483742640051563,1.546200434793932,1000,Drivers_Bailey,0.4
8,3000-10000,10888.0,69.0,1.2133383139758422,1.2723694951587872,1.3342726538534577,10000,Drivers_Bailey,0.4
9,nan,,,0.9338091664367956,1.0931495655492642,1.2796789918226041,,Drivers_Bailey,0.4
0,1-3,81.0,43.0,0.41593313912952545,0.6796073665247067,1.110433695187768,1,Passengers,0.5
1,10-30,23643.0,1244.0,1.0262673670946367,1.058025197585984,1.090765773733926,10,Passengers,0.5
2,100-300,253050.0,1602.0,1.0079190247974954,1.0175337307126937,1.0272401528943396,100,Passengers,0.5
3,1000-3000,409758.0,261.0,1.0092573568454737,1.0164643889031615,1.0237228858431495,1000,Passengers,0.5
4,10000-30000,374748.0,28.0,1.0480625423577854,1.056500809131001,1.0650070149281377,10000,Passengers,0.5
5,3-10,2009.0,305.0,0.8950360702634875,0.9923007325151582,1.1001352643366065,3,Passengers,0.5
6,30-100,164365.0,2899.0,1.040926938149236,1.0531393096583008,1.0654949592519358,30,Passengers,0.5
7,300-1000,357340.0,705.0,1.0045836371698167,1.0124866142151037,1.020451763332349,300,Passengers,0.5
8,3000-10000,336437.0,62.0,1.0355746739625078,1.0440554529731532,1.0526056848339271,3000,Passengers,0.5
0,1-3,81.0,43.0,0.41593313912952545,0.6796073665247067,1.110433695187768,3,Passengers,0.5
1,10-30,23643.0,1244.0,1.0262673670946367,1.058025197585984,1.090765773733926,30,Passengers,0.5
2,100-300,253050.0,1602.0,1.0079190247974954,1.0175337307126937,1.0272401528943396,300,Passengers,0.5
3,1000-3000,409758.0,261.0,1.0092573568454737,1.0164643889031615,1.0237228858431495,3000,Passengers,0.5
4,10000-30000,374748.0,28.0,1.0480625423577854,1.056500809131001,1.0650070149281377,30000,Passengers,0.5
5,3-10,2009.0,305.0,0.8950360702634875,0.9923007325151582,1.1001352643366065,10,Passengers,0.5
6,30-100,164365.0,2899.0,1.040926938149236,1.0531393096583008,1.0654949592519358,100,Passengers,0.5
7,300-1000,357340.0,705.0,1.0045836371698167,1.0124866142151037,1.020451763332349,1000,Passengers,0.5
8,3000-10000,336437.0,62.0,1.0355746739625078,1.0440554529731532,1.0526056848339271,10000,Passengers,0.5
0,1-3,8.0,8.0,0.2099676834793189,1.7938750745886285,15.326109856078489,1,Drivers_Bailey,0.5
1,10-30,1911.0,961.0,2.776340373559981,3.250849742535862,3.8064583684292863,10,Drivers_Bailey,0.5
2,100-300,11023.0,1594.0,1.6943890063998075,1.785070309120035,1.8806047468830294,100,Drivers_Bailey,0.5
3,1000-3000,12735.0,261.0,1.1951993945711785,1.246548725171334,1.3001041761603223,1000,Drivers_Bailey,0.5
4,10000-30000,11627.0,28.0,1.1495689974452856,1.204435494995938,1.2619206544626353,10000,Drivers_Bailey,0.5
5,3-10,251.0,185.0,2.868646369105437,4.879517446418673,8.299974080572733,3,Drivers_Bailey,0.5
6,30-100,9135.0,2697.0,2.204033187354729,2.3440262883528113,2.4929113009788586,30,Drivers_Bailey,0.5
7,300-1000,12569.0,705.0,1.413315028048376,1.4794550136038263,1.548690202707289,300,Drivers_Bailey,0.5
8,3000-10000,9963.0,62.0,1.2236218342484928,1.285727858959697,1.3509861307111788,3000,Drivers_Bailey,0.5
0,1-3,8.0,8.0,0.2099676834793189,1.7938750745886285,15.326109856078489,3,Drivers_Bailey,0.5
1,10-30,1911.0,961.0,2.776340373559981,3.250849742535862,3.8064583684292863,30,Drivers_Bailey,0.5
2,100-300,11023.0,1594.0,1.6943890063998075,1.785070309120035,1.8806047468830294,300,Drivers_Bailey,0.5
3,1000-3000,12735.0,261.0,1.1951993945711785,1.246548725171334,1.3001041761603223,3000,Drivers_Bailey,0.5
4,10000-30000,11627.0,28.0,1.1495689974452856,1.204435494995938,1.2619206544626353,30000,Drivers_Bailey,0.5
5,3-10,251.0,185.0,2.868646369105437,4.879517446418673,8.299974080572733,10,Drivers_Bailey,0.5
6,30-100,9135.0,2697.0,2.204033187354729,2.3440262883528113,2.4929113009788586,100,Drivers_Bailey,0.5
7,300-1000,12569.0,705.0,1.413315028048376,1.4794550136038263,1.548690202707289,1000,Drivers_Bailey,0.5
8,3000-10000,9963.0,62.0,1.2236218342484928,1.285727858959697,1.3509861307111788,10000,Drivers_Bailey,0.5
0,1-3,60.0,31.0,0.3483566613164265,0.6171045784446381,1.0931843797625043,1,Passengers,0.6000000000000001
1,10-30,20071.0,1060.0,1.0241106360326784,1.0585488582116531,1.0941451497486838,10,Passengers,0.6000000000000001
2,100-300,182997.0,1163.0,1.0068973129293572,1.018197084159564,1.029623665570129,100,Passengers,0.6000000000000001
3,1000-3000,305377.0,193.0,1.0129623817646252,1.0213174144186146,1.0297413603628762,1000,Passengers,0.6000000000000001
4,10000-30000,292031.0,22.0,1.0558631284388424,1.0655650586043446,1.0753561361663233,10000,Passengers,0.6000000000000001
5,3-10,1633.0,246.0,0.9019754367260434,1.01219864179922,1.1358913433153395,3,Passengers,0.6000000000000001
6,30-100,131509.0,2334.0,1.0426530573100525,1.0563410406755067,1.0702087203333173,30,Passengers,0.6000000000000001
7,300-1000,263003.0,512.0,1.0067380327770157,1.0158914861260242,1.0251281644108992,300,Passengers,0.6000000000000001
8,3000-10000,270943.0,48.0,1.031206176673988,1.0406298420303162,1.0501396254401985,3000,Passengers,0.6000000000000001
0,1-3,60.0,31.0,0.3483566613164265,0.6171045784446381,1.0931843797625043,3,Passengers,0.6000000000000001
1,10-30,20071.0,1060.0,1.0241106360326784,1.0585488582116531,1.0941451497486838,30,Passengers,0.6000000000000001
2,100-300,182997.0,1163.0,1.0068973129293572,1.018197084159564,1.029623665570129,300,Passengers,0.6000000000000001
3,1000-3000,305377.0,193.0,1.0129623817646252,1.0213174144186146,1.0297413603628762,3000,Passengers,0.6000000000000001
4,10000-30000,292031.0,22.0,1.0558631284388424,1.0655650586043446,1.0753561361663233,30000,Passengers,0.6000000000000001
5,3-10,1633.0,246.0,0.9019754367260434,1.01219864179922,1.1358913433153395,10,Passengers,0.6000000000000001
6,30-100,131509.0,2334.0,1.0426530573100525,1.0563410406755067,1.0702087203333173,100,Passengers,0.6000000000000001
7,300-1000,263003.0,512.0,1.0067380327770157,1.0158914861260242,1.0251281644108992,1000,Passengers,0.6000000000000001
8,3000-10000,270943.0,48.0,1.031206176673988,1.0406298420303162,1.0501396254401985,10000,Passengers,0.6000000000000001
0,1-3,4.0,4.0,,,,1,Drivers_Bailey,0.6000000000000001
1,10-30,1610.0,816.0,2.7323302670206453,3.242830513368033,3.848711067384052,10,Drivers_Bailey,0.6000000000000001
2,100-300,8014.0,1157.0,1.617541622765287,1.7186561839479397,1.8260915435194967,100,Drivers_Bailey,0.6000000000000001
3,1000-3000,9509.0,193.0,1.1821149331514855,1.2407707441884193,1.3023370202502964,1000,Drivers_Bailey,0.6000000000000001
4,10000-30000,9102.0,22.0,1.150350076000347,1.2127551569488606,1.278545637011469,10000,Drivers_Bailey,0.6000000000000001
5,3-10,201.0,147.0,3.064986852996959,5.680323408217178,10.527312373425058,3,Drivers_Bailey,0.6000000000000001
6,30-100,7438.0,2182.0,2.196625507189851,2.35187069937416,2.518087752541352,30,Drivers_Bailey,0.6000000000000001
7,300-1000,9242.0,512.0,1.4451441442371107,1.524353477057712,1.6079043272493694,300,Drivers_Bailey,0.6000000000000001
8,3000-10000,8021.0,48.0,1.2305143667575418,1.3006687536385124,1.37482279963083,3000,Drivers_Bailey,0.6000000000000001
0,1-3,4.0,4.0,,,,3,Drivers_Bailey,0.6000000000000001
1,10-30,1610.0,816.0,2.7323302670206453,3.242830513368033,3.848711067384052,30,Drivers_Bailey,0.6000000000000001
2,100-300,8014.0,1157.0,1.617541622765287,1.7186561839479397,1.8260915435194967,300,Drivers_Bailey,0.6000000000000001
3,1000-3000,9509.0,193.0,1.1821149331514855,1.2407707441884193,1.3023370202502964,3000,Drivers_Bailey,0.6000000000000001
4,10000-30000,9102.0,22.0,1.150350076000347,1.2127551569488606,1.278545637011469,30000,Drivers_Bailey,0.6000000000000001
5,3-10,201.0,147.0,3.064986852996959,5.680323408217178,10.527312373425058,10,Drivers_Bailey,0.6000000000000001
6,30-100,7438.0,2182.0,2.196625507189851,2.35187069937416,2.518087752541352,100,Drivers_Bailey,0.6000000000000001
7,300-1000,9242.0,512.0,1.4451441442371107,1.524353477057712,1.6079043272493694,1000,Drivers_Bailey,0.6000000000000001
8,3000-10000,8021.0,48.0,1.2305143667575418,1.3006687536385124,1.37482279963083,10000,Drivers_Bailey,0.6000000000000001
0,1-3,43.0,23.0,0.29107244289272977,0.5649425772435959,1.0964971895338709,1,Passengers,0.7000000000000001
1,10-30,15087.0,790.0,1.0132365341226568,1.0526046505163145,1.0935023688698209,10,Passengers,0.7000000000000001
2,100-300,121346.0,782.0,1.0063980975674285,1.0202742472094395,1.0343417202744107,100,Passengers,0.7000000000000001
3,1000-3000,214597.0,137.0,1.0164358442548198,1.0264378371785874,1.0365382523126818,1000,Passengers,0.7000000000000001
4,10000-30000,233801.0,17.0,1.0470688662320131,1.0578316007410484,1.068704964510343,10000,Passengers,0.7000000000000001
5,3-10,1269.0,190.0,0.8802239714631533,1.00352384423547,1.144095296876713,3,Passengers,0.7000000000000001
6,30-100,96429.0,1717.0,1.0433945871747683,1.0594153375224962,1.0756820776854477,30,Passengers,0.7000000000000001
7,300-1000,181551.0,351.0,1.006866533834743,1.0177830442620333,1.0288179121834944,300,Passengers,0.7000000000000001
8,3000-10000,185249.0,35.0,1.031989205781232,1.043373142698698,1.0548826565301614,3000,Passengers,0.7000000000000001
0,1-3,43.0,23.0,0.29107244289272977,0.5649425772435959,1.0964971895338709,3,Passengers,0.7000000000000001
1,10-30,15087.0,790.0,1.0132365341226568,1.0526046505163145,1.0935023688698209,30,Passengers,0.7000000000000001
2,100-300,121346.0,782.0,1.0063980975674285,1.0202742472094395,1.0343417202744107,300,Passengers,0.7000000000000001
3,1000-3000,214597.0,137.0,1.0164358442548198,1.0264378371785874,1.0365382523126818,3000,Passengers,0.7000000000000001
4,10000-30000,233801.0,17.0,1.0470688662320131,1.0578316007410484,1.068704964510343,30000,Passengers,0.7000000000000001
5,3-10,1269.0,190.0,0.8802239714631533,1.00352384423547,1.144095296876713,10,Passengers,0.7000000000000001
6,30-100,96429.0,1717.0,1.0433945871747683,1.0594153375224962,1.0756820776854477,100,Passengers,0.7000000000000001
7,300-1000,181551.0,351.0,1.006866533834743,1.0177830442620333,1.0288179121834944,1000,Passengers,0.7000000000000001
8,3000-10000,185249.0,35.0,1.031989205781232,1.043373142698698,1.0548826565301614,10000,Passengers,0.7000000000000001
0,1-3,1.0,1.0,,,,1,Drivers_Bailey,0.7000000000000001
1,10-30,1214.0,608.0,2.8554746654115415,3.4891683644066744,4.263492869554752,10,Drivers_Bailey,0.7000000000000001
2,100-300,5316.0,777.0,1.541031128590851,1.6589623846930686,1.785918624721837,100,Drivers_Bailey,0.7000000000000001
3,1000-3000,6629.0,137.0,1.1738471797588,1.2438734031460255,1.318077062954647,1000,Drivers_Bailey,0.7000000000000001
4,10000-30000,7330.0,17.0,1.1359036999701295,1.2047612721071086,1.2777929350941517,10000,Drivers_Bailey,0.7000000000000001
5,3-10,151.0,109.0,2.9690994239010964,6.110293312836058,12.574750467545387,3,Drivers_Bailey,0.7000000000000001
6,30-100,5533.0,1611.0,2.253623252365706,2.4418650675283025,2.645830442934835,30,Drivers_Bailey,0.7000000000000001
7,300-1000,6481.0,351.0,1.4665363120669503,1.5627957651029267,1.665373426711404,300,Drivers_Bailey,0.7000000000000001
8,3000-10000,5497.0,35.0,1.2767086788042088,1.3657290425500765,1.4609564802298889,3000,Drivers_Bailey,0.7000000000000001
0,1-3,1.0,1.0,,,,3,Drivers_Bailey,0.7000000000000001
1,10-30,1214.0,608.0,2.8554746654115415,3.4891683644066744,4.263492869554752,30,Drivers_Bailey,0.7000000000000001
2,100-300,5316.0,777.0,1.541031128590851,1.6589623846930686,1.785918624721837,300,Drivers_Bailey,0.7000000000000001
3,1000-3000,6629.0,137.0,1.1738471797588,1.2438734031460255,1.318077062954647,3000,Drivers_Bailey,0.7000000000000001
4,10000-30000,7330.0,17.0,1.1359036999701295,1.2047612721071086,1.2777929350941517,30000,Drivers_Bailey,0.7000000000000001
5,3-10,151.0,109.0,2.9690994239010964,6.110293312836058,12.574750467545387,10,Drivers_Bailey,0.7000000000000001
6,30-100,5533.0,1611.0,2.253623252365706,2.4418650675283025,2.645830442934835,100,Drivers_Bailey,0.7000000000000001
7,300-1000,6481.0,351.0,1.4665363120669503,1.5627957651029267,1.665373426711404,1000,Drivers_Bailey,0.7000000000000001
8,3000-10000,5497.0,35.0,1.2767086788042088,1.3657290425500765,1.4609564802298889,10000,Drivers_Bailey,0.7000000000000001
0,1-3,39.0,21.0,0.22826846437405385,0.45681774304019995,0.9141974601203917,1,Passengers,0.8
1,10-30,10284.0,545.0,1.0027386395660944,1.0502221789362454,1.0999542469081187,10,Passengers,0.8
2,100-300,68477.0,440.0,0.9942568881487632,1.012515061415374,1.0311085211607678,100,Passengers,0.8
3,1000-3000,136941.0,84.0,1.0208340494448194,1.0333654924068834,1.0460507674857316,1000,Passengers,0.8
4,10000-30000,127167.0,9.0,1.0276016699083923,1.0421721975725462,1.0569493230679694,10000,Passengers,0.8
5,3-10,987.0,147.0,0.8769386413957921,1.017919058224688,1.1815640914714602,3,Passengers,0.8
6,30-100,61906.0,1112.0,1.0417009221022502,1.0617129321378314,1.0821093908545714,30,Passengers,0.8
7,300-1000,106890.0,206.0,1.0096300236508557,1.0238392245292554,1.038248401027311,300,Passengers,0.8
8,3000-10000,105090.0,19.0,1.009861623697902,1.0245049934978017,1.039360697615656,3000,Passengers,0.8
0,1-3,39.0,21.0,0.22826846437405385,0.45681774304019995,0.9141974601203917,3,Passengers,0.8
1,10-30,10284.0,545.0,1.0027386395660944,1.0502221789362454,1.0999542469081187,30,Passengers,0.8
2,100-300,68477.0,440.0,0.9942568881487632,1.012515061415374,1.0311085211607678,300,Passengers,0.8
3,1000-3000,136941.0,84.0,1.0208340494448194,1.0333654924068834,1.0460507674857316,3000,Passengers,0.8
4,10000-30000,127167.0,9.0,1.0276016699083923,1.0421721975725462,1.0569493230679694,30000,Passengers,0.8
5,3-10,987.0,147.0,0.8769386413957921,1.017919058224688,1.1815640914714602,10,Passengers,0.8
6,30-100,61906.0,1112.0,1.0417009221022502,1.0617129321378314,1.0821093908545714,100,Passengers,0.8
7,300-1000,106890.0,206.0,1.0096300236508557,1.0238392245292554,1.038248401027311,1000,Passengers,0.8
8,3000-10000,105090.0,19.0,1.009861623697902,1.0245049934978017,1.039360697615656,10000,Passengers,0.8
0,1-3,1.0,1.0,,,,1,Drivers_Bailey,0.8
1,10-30,838.0,416.0,2.9262157944027,3.7506624893483127,4.807392925673118,10,Drivers_Bailey,0.8
2,100-300,3007.0,436.0,1.4462775726881576,1.593763845176989,1.7562902461884664,100,Drivers_Bailey,0.8
3,1000-3000,4225.0,84.0,1.1873208720627033,1.2763798387883982,1.372118970700164,1000,Drivers_Bailey,0.8
4,10000-30000,4017.0,9.0,1.1556188719870326,1.2534371775710698,1.3595353937201529,10000,Drivers_Bailey,0.8
5,3-10,108.0,82.0,2.6832587819351645,6.664035454090655,16.550535055492947,3,Drivers_Bailey,0.8
6,30-100,3568.0,1042.0,2.150949897537615,2.3750683310139844,2.622538806433034,30,Drivers_Bailey,0.8
7,300-1000,3813.0,206.0,1.4025759292824171,1.5221944354770476,1.6520145904562507,300,Drivers_Bailey,0.8
8,3000-10000,3064.0,19.0,1.1855837065143366,1.295183114730258,1.4149142666731538,3000,Drivers_Bailey,0.8
0,1-3,1.0,1.0,,,,3,Drivers_Bailey,0.8
1,10-30,838.0,416.0,2.9262157944027,3.7506624893483127,4.807392925673118,30,Drivers_Bailey,0.8
2,100-300,3007.0,436.0,1.4462775726881576,1.593763845176989,1.7562902461884664,300,Drivers_Bailey,0.8
3,1000-3000,4225.0,84.0,1.1873208720627033,1.2763798387883982,1.372118970700164,3000,Drivers_Bailey,0.8
4,10000-30000,4017.0,9.0,1.1556188719870326,1.2534371775710698,1.3595353937201529,30000,Drivers_Bailey,0.8
5,3-10,108.0,82.0,2.6832587819351645,6.664035454090655,16.550535055492947,10,Drivers_Bailey,0.8
6,30-100,3568.0,1042.0,2.150949897537615,2.3750683310139844,2.622538806433034,100,Drivers_Bailey,0.8
7,300-1000,3813.0,206.0,1.4025759292824171,1.5221944354770476,1.6520145904562507,1000,Drivers_Bailey,0.8
8,3000-10000,3064.0,19.0,1.1855837065143366,1.295183114730258,1.4149142666731538,10000,Drivers_Bailey,0.8
0,1-3,25.0,15.0,0.288904390407432,0.6858463804795348,1.6281692948781796,1,Passengers,0.9
1,10-30,4615.0,248.0,0.9663654782652727,1.0354530207133392,1.109479779874819,10,Passengers,0.9
2,100-300,24258.0,153.0,0.9665138091706607,0.9964366326344647,1.0272858529645632,100,Passengers,0.9
3,1000-3000,47730.0,28.0,0.9913047295708021,1.0118942003599274,1.032911315943565,1000,Passengers,0.9
4,10000-30000,33318.0,2.0,1.018132967349085,1.052843599664304,1.0887376019659196,10000,Passengers,0.9
5,3-10,483.0,74.0,0.7833007516193062,0.9689885938293845,1.1986952559797668,3,Passengers,0.9
6,30-100,22523.0,412.0,1.0372382669260047,1.0705366756159904,1.1049040614702792,30,Passengers,0.9
7,300-1000,38359.0,79.0,0.9992387750639078,1.0225501812999462,1.0464054231779383,300,Passengers,0.9
8,3000-10000,33760.0,7.0,0.9789165156483451,1.004062074697692,1.029853551074816,3000,Passengers,0.9
0,1-3,25.0,15.0,0.288904390407432,0.6858463804795348,1.6281692948781796,3,Passengers,0.9
1,10-30,4615.0,248.0,0.9663654782652727,1.0354530207133392,1.109479779874819,30,Passengers,0.9
2,100-300,24258.0,153.0,0.9665138091706607,0.9964366326344647,1.0272858529645632,300,Passengers,0.9
3,1000-3000,47730.0,28.0,0.9913047295708021,1.0118942003599274,1.032911315943565,3000,Passengers,0.9
4,10000-30000,33318.0,2.0,1.018132967349085,1.052843599664304,1.0887376019659196,30000,Passengers,0.9
5,3-10,483.0,74.0,0.7833007516193062,0.9689885938293845,1.1986952559797668,10,Passengers,0.9
6,30-100,22523.0,412.0,1.0372382669260047,1.0705366756159904,1.1049040614702792,100,Passengers,0.9
7,300-1000,38359.0,79.0,0.9992387750639078,1.0225501812999462,1.0464054231779383,1000,Passengers,0.9
8,3000-10000,33760.0,7.0,0.9789165156483451,1.004062074697692,1.029853551074816,10000,Passengers,0.9
0,1-3,1.0,1.0,,,,1,Drivers_Bailey,0.9
1,10-30,409.0,201.0,2.957080156413371,4.2956869926789985,6.240252466288573,10,Drivers_Bailey,0.9
2,100-300,1044.0,151.0,1.3860365988849683,1.634820099056965,1.928258430138637,100,Drivers_Bailey,0.9
3,1000-3000,1391.0,28.0,1.081522328709492,1.2253818931822427,1.388377053602406,1000,Drivers_Bailey,0.9
4,10000-30000,1063.0,2.0,1.1146681771843316,1.3557260364406019,1.6489150076265224,10000,Drivers_Bailey,0.9
5,3-10,55.0,44.0,1.5910324169474879,5.185625859050392,16.901425303227896,3,Drivers_Bailey,0.9
6,30-100,1320.0,387.0,2.1076778088334915,2.4860676697790063,2.9323895866897587,30,Drivers_Bailey,0.9
7,300-1000,1379.0,79.0,1.2399537298194565,1.4165873290065456,1.6183826964205248,300,Drivers_Bailey,0.9
8,3000-10000,951.0,7.0,1.0630972320227643,1.2422216977727738,1.451527386146397,3000,Drivers_Bailey,0.9
0,1-3,1.0,1.0,,,,3,Drivers_Bailey,0.9
1,10-30,409.0,201.0,2.957080156413371,4.2956869926789985,6.240252466288573,30,Drivers_Bailey,0.9
2,100-300,1044.0,151.0,1.3860365988849683,1.634820099056965,1.928258430138637,300,Drivers_Bailey,0.9
3,1000-3000,1391.0,28.0,1.081522328709492,1.2253818931822427,1.388377053602406,3000,Drivers_Bailey,0.9
4,10000-30000,1063.0,2.0,1.1146681771843316,1.3557260364406019,1.6489150076265224,30000,Drivers_Bailey,0.9
5,3-10,55.0,44.0,1.5910324169474879,5.185625859050392,16.901425303227896,10,Drivers_Bailey,0.9
6,30-100,1320.0,387.0,2.1076778088334915,2.4860676697790063,2.9323895866897587,100,Drivers_Bailey,0.9
7,300-1000,1379.0,79.0,1.2399537298194565,1.4165873290065456,1.6183826964205248,1000,Drivers_Bailey,0.9
8,3000-10000,951.0,7.0,1.0630972320227643,1.2422216977727738,1.451527386146397,10000,Drivers_Bailey,0.9
