	xbin	low	true	high	geneGroup	NumMutsInBin	NumPatientsInBin
0	1-3	-0.549122448979592	-0.4119545454545456	-0.27229508196721314	Chaperonins	66	66
1	1-3	-0.50532	-0.3669848484848485	-0.21339473684210536	Proteasome	66	66
2	1-3	-0.3626780821917809	-0.22529545454545455	-0.05815873015873018	HSP90	66	66
3	1-3	-0.21043103448275866	-0.19111363636363635	-0.1744705882352942	All	66	66
4	3-10	-0.3169893617021279	-0.2625950570342204	-0.20594943820224734	Chaperonins	263	263
5	3-10	-0.24292134831460663	-0.176555133079848	-0.08278925619834704	Proteasome	263	263
6	3-10	-0.13922884615384615	-0.06849619771863111	0.019121818181818174	HSP90	263	263
7	3-10	-0.18715564202334628	-0.17951330798479084	-0.17227131782945737	All	263	263
8	10-30	-0.15453125	-0.11841150793650798	-0.08772163265306128	Chaperonins	1260	1260
9	10-30	-0.15925620496397133	-0.12744047619047627	-0.08937528779739055	Proteasome	1260	1260
10	10-30	-0.11256620633631191	-0.07777857142857147	-0.03663213703099513	HSP90	1260	1260
11	10-30	-0.20692298761609954	-0.20376706349206375	-0.20024640575079913	All	1260	1260
12	30-100	0.019244049459041766	0.04157114382091385	0.06884044556008813	Chaperonins	3261	3261
13	30-100	0.026838169309003866	0.06121741796994784	0.08775552099533464	Proteasome	3261	3261
14	30-100	-0.00416862567811934	0.01956930389451095	0.04212749478701238	HSP90	3261	3261
15	30-100	-0.2149655015197574	-0.21266544004906407	-0.2104518847686181	All	3261	3261
16	100-300	0.10192608695652167	0.13424306883365225	0.16650569800569825	Chaperonins	2092	2092
17	100-300	0.07711357074109702	0.1118843212237094	0.14598104265402803	Proteasome	2092	2092
18	100-300	0.030937439613526546	0.06374569789674948	0.0974068816169395	HSP90	2092	2092
19	100-300	-0.22324789708065287	-0.2204192160611855	-0.21734244296577915	All	2092	2092
20	300-1000	0.17361391843971605	0.2136906278434939	0.2597784090909088	Chaperonins	1099	1099
21	300-1000	0.11528399629972262	0.1693994540491359	0.21641917293233068	Proteasome	1099	1099
22	300-1000	0.017016057091882236	0.06341037306642407	0.1058020372010631	HSP90	1099	1099
23	300-1000	-0.2326509523809528	-0.2281956323930845	-0.22423249299719894	All	1099	1099
24	1000-3000	0.0019830985915493065	0.08136312849162013	0.1513599397590362	Chaperonins	358	358
25	1000-3000	0.06383989501312337	0.13740502793296094	0.23214204545454528	Proteasome	358	358
26	1000-3000	0.061552112676056286	0.13393156424581001	0.21601917404129803	HSP90	358	358
27	1000-3000	-0.22715680473372787	-0.22085474860335172	-0.21429177718832876	All	358	358
28	3000-10000	0.06920666666666668	0.21632142857142858	0.4193333333333333	Chaperonins	70	70
29	3000-10000	0.0555	0.2085	0.3969000000000002	Proteasome	70	70
30	3000-10000	0.018620253164556937	0.14765714285714285	0.3501266666666666	HSP90	70	70
31	3000-10000	-0.2212464788732395	-0.20788571428571428	-0.19297260273972597	All	70	70
32	10000-30000	0.2250000000000001	0.39991176470588236	0.5678571428571428	Chaperonins	34	34
33	10000-30000	0.08453846153846152	0.3275882352941176	0.606078947368421	Proteasome	34	34
34	10000-30000	-0.049546875000000004	0.21467647058823527	0.524462962962963	HSP90	34	34
35	10000-30000	-0.22561290322580643	-0.20714705882352946	-0.18680000000000005	All	34	34
